1756018804.8637927,0.020805566908437705,-0.0011202714536886899,0.22451004687196002,-0.6823907220540818,0.7301279252758929,0.025782467578151762,-0.02431829665931757
1756018804.8971393,0.02080368383861208,-0.0011222687768303707,0.22451025389779042,-0.6823969349636432,0.7301226372153287,0.025776648514650318,-0.024308890746211648
1756018804.9304843,0.02080691552982178,-0.001122121384266565,0.2245142769838152,-0.6824115370316342,0.730108735174859,0.02578248290113043,-0.02431033777929014
1756018804.9638314,0.020810722213216705,-0.0011184658779676223,0.22451181536450576,-0.6823992049001769,0.7301194309631659,0.02579049344351074,-0.024326778035106533
1756018804.9971788,0.020824385145080608,-0.0011183717464118763,0.2245139710588248,-0.6824077275291781,0.7301101373894445,0.025812504135703816,-0.02434328079519465
1756018805.0305262,0.02082201572464601,-0.0011025778473289552,0.22450617397013306,-0.6824276887109626,0.730092735911678,0.02578100296717957,-0.024338992083086756
1756018805.063873,0.02082310083120069,-0.0011096151718961072,0.22451233108199775,-0.6824208520053208,0.7300992513578629,0.025791277243717946,-0.024324348565953453
1756018805.09722,0.020820063445566722,-0.001113290928226686,0.22451311464233048,-0.6824127168638152,0.7301071313553196,0.02578932639639206,-0.02431812596959215
1756018805.1305673,0.020821688468854384,-0.0011131539949176311,0.22451535078478546,-0.6824242394338786,0.7300958911619299,0.025792582004373236,-0.024328786552302348
1756018805.1639147,0.020822431660027473,-0.0011188459038979654,0.22451763617873532,-0.6824170216298077,0.7301029747543966,0.02579815278334489,-0.024312757096854154
1756018805.1972609,0.02082822690152298,-0.001120158689900676,0.22452208449879513,-0.6824131654734841,0.7301064344288436,0.02579900889252462,-0.02431619078358008
1756018805.2306082,0.020825900772211685,-0.0011191450309804664,0.22452046084193983,-0.6824149431083291,0.7301043845037708,0.025804548047086425,-0.024321974650753874
1756018805.2639556,0.020836252831438896,-0.0011231120132596487,0.2245237049840417,-0.6823934639926587,0.7301230328919059,0.025823854273169355,-0.02434431537963824
1756018805.2973037,0.020840248885571497,-0.0011235627613614355,0.22453147696331885,-0.6823998132486979,0.7301176366719704,0.02581556605669694,-0.024336968748206768
1756018805.3306513,0.02083632115575114,-0.0011213892100375104,0.22453499830260906,-0.6824076980484356,0.7301101883676382,0.02581579396262639,-0.024339089302727976
1756018805.3639975,0.02083673822548425,-0.0011217428590452592,0.2245377105920107,-0.6824089154720169,0.7301087103815294,0.025824301371278415,-0.02434026639153861
1756018805.3973455,0.020840385559391737,-0.0011207475776438048,0.22454008849186927,-0.68240566726696,0.7301112553445456,0.02582709331810568,-0.024352029728233773
1756018805.4306927,0.020827705972555836,-0.0011052016806081797,0.22453388224134835,-0.6824280295297694,0.730091861539758,0.025798239023118934,-0.024337401028732636
1756018805.4640408,0.020824622639867597,-0.001105253350798511,0.22453658269417126,-0.6824316117294966,0.7300889351569723,0.025790876206077114,-0.02433254565726283
1756018805.4973881,0.02082400038538556,-0.0011073951935989576,0.22453891733143935,-0.6824441677386732,0.7300766817035128,0.025804921708326975,-0.024333161896567233
1756018805.5307364,0.020828972404451168,-0.0011087463774256208,0.22454368503544528,-0.6824318923896344,0.7300872694993963,0.025813050856662086,-0.02435113077229966
1756018805.564084,0.02083243032419685,-0.0011116085604598786,0.22454433839731594,-0.6824366691236373,0.7300826613705389,0.025825803010784815,-0.024341900098270062
1756018805.5974321,0.02083563110223375,-0.0011126683190750344,0.22454624647508317,-0.682447349183914,0.7300725221060449,0.025827652368190308,-0.024344618105758973
1756018805.63078,0.020839504841736065,-0.0011165867413580031,0.2245480238296051,-0.6824421268829444,0.7300765678776069,0.025843473479574275,-0.024352892436993692
1756018805.664128,0.02083651725988135,-0.001115584026967531,0.2245470761679188,-0.6824299464714774,0.730088509597276,0.025832561315951363,-0.024347794331770412
1756018805.697476,0.02082964353013763,-0.0011125831265554732,0.2245469867830475,-0.6824332244401902,0.7300864971576978,0.025815677933707912,-0.0243341657138892
1756018805.7308238,0.02082763255443465,-0.001110177514230651,0.2245449795864749,-0.6824374427343926,0.7300827679393639,0.025812910292283758,-0.024330687914279763
1756018805.7641714,0.020834716190836662,-0.0011107909917361268,0.22454485767568041,-0.6824359117030584,0.7300825299524407,0.025837953851332512,-0.024354178636027877
1756018805.7975192,0.02084083866164494,-0.0011128383424120344,0.2245431110105813,-0.6824336262379247,0.7300840343108652,0.02584270966978642,-0.02436807298599768
1756018805.8308678,0.020837711651752168,-0.0011035038731824934,0.22454144582025135,-0.68244670606259,0.7300727816232015,0.025821262362223596,-0.024361636383939435
1756018805.864211,0.02083868696009311,-0.0011043808164578107,0.2245425609462327,-0.6824428867535,0.7300758993463399,0.025831402192393858,-0.024364444872748553
1756018805.8975537,0.020840328981320336,-0.001107287722697605,0.2245437673925511,-0.6824354335588853,0.7300828699163828,0.025833827366343397,-0.024361761873075555
1756018805.9308968,0.020842362732393246,-0.0011097078107961556,0.2245442289741728,-0.6824357218791157,0.7300822584400876,0.02583381258492964,-0.024372023750154397
1756018805.9642403,0.02084352715344226,-0.0011097889833017692,0.2245451948152114,-0.6824329362985482,0.7300849542572951,0.02583395100808204,-0.02436911974972722
1756018805.9975836,0.02084268638622521,-0.0011080118462647689,0.22454809094991202,-0.6824414406936455,0.7300774488772411,0.025835979475291444,-0.024353661520046047
1756018806.030927,0.020839693919169233,-0.0011085190601041969,0.22455042092281896,-0.6824384440678958,0.7300804385017483,0.025828792794697502,-0.024355632573455948
1756018806.0642703,0.02083521620141659,-0.001106253534952427,0.22455045212295424,-0.682450475666226,0.7300696161762426,0.025820777468529964,-0.024351411666195474
1756018806.0976136,0.02083372292643252,-0.0011051909537668323,0.22455243383053913,-0.6824441916832557,0.7300757677187127,0.02581764753501922,-0.024346410484452716
1756018806.1309566,0.020838049060589538,-0.0011069404452179357,0.22455290498978536,-0.6824496338610238,0.7300699018958301,0.025831881836268684,-0.024354660120081997
1756018806.1643,0.020853984131051467,-0.0011071233117638556,0.22455669888910718,-0.6824563737631377,0.7300629350951625,0.025843029653718007,-0.024362810359682727
1756018806.1976438,0.02086330545518921,-0.0011100639769744062,0.22456901594326337,-0.6824644003108962,0.7300575428125741,0.02582185204478904,-0.02432197458539105
1756018806.2309859,0.02084185783756653,-0.001109254690244473,0.22456607965992811,-0.6824668067978473,0.7300549695523435,0.025827760200419603,-0.024325415805417087
1756018806.2643278,0.02084486016950149,-0.0011097108124122747,0.22456843949931812,-0.6824667395016597,0.7300549427211439,0.025827958119223043,-0.024327898836371438
1756018806.2976713,0.020846536694910295,-0.0011081721508835044,0.2245678976334433,-0.6824725998605223,0.7300493890116707,0.025815417349238656,-0.024343464634075454
1756018806.3310146,0.020849178541187736,-0.0011023379508191323,0.22456514790118268,-0.6824717530492702,0.7300494926483557,0.025831141867504896,-0.024347416363035047
1756018806.3643594,0.020861770188086985,-0.0011032349661171863,0.2245685737030485,-0.6824729071097256,0.730048795235447,0.025825115768592255,-0.02434237112548702
1756018806.3977022,0.020862231830170712,-0.0011034500822258801,0.2245691007209946,-0.6824818697530308,0.7300404801049581,0.025828540450391884,-0.024336831443962068
1756018806.4310453,0.020862288075848015,-0.0011047929109814264,0.22456824697202976,-0.6824728543299075,0.7300483884015323,0.025836739936575013,-0.024343717147639533
1756018806.4643896,0.020866020271931428,-0.0011051951795459205,0.22456825371349587,-0.6824723209820657,0.730048650239286,0.025837084957485455,-0.024350450058441497
1756018806.4977329,0.02085858045748941,-0.0011041370208600902,0.22456972333824565,-0.6824766651056292,0.730045735279286,0.025824554916327812,-0.024329372170260172
1756018806.5644188,0.020873774358960616,-0.0011058497953838997,0.2245777359255447,-0.6824718841427053,0.7300499028457569,0.02582556705140511,-0.024337353925191717
1756018806.5977619,0.02086408240014522,-0.001105409328462383,0.22457689282031879,-0.682484169757436,0.7300394066895991,0.02582291402038294,-0.02431048790742934
1756018806.6311054,0.02084971557421049,-0.0010732414773102336,0.22455971835617647,-0.682505116689381,0.7300210422920098,0.02577772166367275,-0.02432185374375169
1756018806.6644483,0.02084961163439527,-0.0010835609801764766,0.2245676547768839,-0.6824965836430947,0.7300292570575169,0.025785852484137905,-0.02430610966856925
1756018806.6977906,0.02085347849613628,-0.0010934211996817922,0.22457422724378878,-0.6825036435489229,0.730021625728377,0.025811455291027578,-0.02430990100970456
1756018806.731135,0.020859372063765487,-0.0010986284053536989,0.22458276407849107,-0.6824949354483911,0.7300299262070984,0.02580730507738354,-0.024309523524694593
1756018806.7644787,0.020859257059309133,-0.0011052543394206723,0.2245914333161403,-0.6824938836245295,0.7300322504887645,0.025806483871895818,-0.024270093769630092
1756018806.7978218,0.020859599095985816,-0.0011045754953580196,0.22459416989804762,-0.6824979862951601,0.7300286682940258,0.025796883780231702,-0.02427267927386399
1756018806.831165,0.020863140709119786,-0.0011069034789407137,0.22459621237962912,-0.6825049108339764,0.7300226848920742,0.025796208515560817,-0.02425864498884888
1756018806.864509,0.02085672504890023,-0.00110910782875103,0.224597576014775,-0.6824957889287891,0.7300323248420194,0.025782816001123005,-0.024239413756895506
1756018806.8978534,0.020846906250219274,-0.0011080127314202339,0.2245992098687685,-0.682502875520124,0.7300270684725051,0.02575497863770318,-0.0242277790887605
1756018806.931197,0.0208442268178331,-0.0011110591831201882,0.22459956653840688,-0.6824919071291559,0.7300375697643482,0.02574933358685366,-0.024226333928291693
1756018806.9645405,0.02084188791517233,-0.001107214074164563,0.22459797702022077,-0.6824837961953996,0.7300438968851142,0.02576746284837438,-0.02424488419998339
1756018806.997887,0.020855441079773933,-0.0011049635935061742,0.22460353356767035,-0.6824927979572932,0.730035854268256,0.025762854518334474,-0.02423855495506941
1756018807.0312314,0.02085262593489958,-0.0010892278075543848,0.22460014009132376,-0.6825171068388844,0.730013760343651,0.025739293685398342,-0.02424453220374359
1756018807.0979192,0.020867601092381192,-0.0010999157050554926,0.22461503789780335,-0.6824933514809826,0.7300347135593543,0.025764583643943934,-0.024255482106563434
1756018807.1312625,0.02087138869694071,-0.0010968762192810687,0.2246193716636908,-0.6824880567619872,0.7300394102091181,0.02576273847388045,-0.024265061819327166
1756018807.1646066,0.02087935226480437,-0.0010932347396813405,0.22462629948960516,-0.6824893866472769,0.7300384242891447,0.02575856317913053,-0.02426175175442314
1756018807.1979504,0.020887869369827318,-0.0010993611984496073,0.2246309821761619,-0.6824784953807937,0.7300486051623095,0.025760306761388754,-0.024259926605276354
1756018807.231294,0.02088700801477989,-0.0010973744474208162,0.22462823000850302,-0.6824688691761276,0.7300565139460947,0.02577348651926812,-0.024278724080448556
1756018807.264638,0.02089292240492352,-0.0010985722364591137,0.22462810189586518,-0.6824696409258704,0.7300560716630778,0.025767663381473925,-0.024276510586322825
1756018807.2979825,0.020901129145413026,-0.001100497238725405,0.22463424177127142,-0.6824612386742437,0.7300638682532957,0.025773207559544077,-0.02427236598158621
1756018807.3313253,0.02090859019219391,-0.0011022497960647105,0.2246440455490194,-0.6824591525629302,0.7300657813406274,0.02577571923055024,-0.02427081162084001
1756018807.36467,0.02091677992374137,-0.0011021592078351151,0.22464926763864465,-0.6824622736923767,0.7300628079055486,0.025769775872264523,-0.0242788004479363
1756018807.3980143,0.020908465090410333,-0.001098897205793512,0.22464963439475036,-0.6824610266737289,0.7300654232693038,0.025745323154536117,-0.02426114493836979
1756018807.4313579,0.020904162241021894,-0.0011053647277160165,0.22464874575646834,-0.6824724698753187,0.7300549998960416,0.025754588201960214,-0.02424306448493334
1756018807.4647014,0.020906737104200317,-0.0011054433236925116,0.22465145597509226,-0.6824715031318026,0.7300560739612141,0.02574465492035766,-0.024248485074083306
1756018807.4980457,0.020903988072368075,-0.001102002692545577,0.22465078725056176,-0.6824741481439324,0.7300536345177032,0.025741939963179167,-0.02425036844333293
1756018807.531391,0.020909520802829977,-0.0011033120263004852,0.22465505847399447,-0.682464528932142,0.7300629534103833,0.025734115092259473,-0.024248837653715886
1756018807.5980768,0.02091497709444333,-0.0011056939619016688,0.22468037829377363,-0.6824566964453614,0.7300721524086389,0.02570133617248062,-0.02422707314658452
1756018807.6314209,0.020919293026066127,-0.0011015586754163453,0.22468530996294414,-0.6824625629184156,0.7300667118761014,0.025692391437220557,-0.024235252164601075
1756018807.6647654,0.020917253392363444,-0.0010964628980261006,0.22469320726723407,-0.6824693127073124,0.7300614299958181,0.025681446867368868,-0.024215881814798116
1756018807.698109,0.02092085444966283,-0.0010928289197730762,0.22469918880653442,-0.6824579047444459,0.7300726710946691,0.02566366807210696,-0.024217334981379738
1756018807.7314525,0.020927375500154693,-0.001091628716914584,0.22470545640667314,-0.682461240889593,0.730070652496287,0.025652092667169252,-0.02419642925882993
1756018807.764797,0.020929080803163053,-0.0010939459826607078,0.22471089251891538,-0.6824597966333626,0.7300722400642741,0.02566142557948429,-0.024179361114610363
1756018807.798142,0.02093279329501932,-0.0010984835862366967,0.22471676580676697,-0.6824658828570455,0.7300669086678183,0.025664493318262257,-0.024165293027106183
1756018807.8314867,0.02094149724091187,-0.0010809362801843863,0.2247222048921933,-0.6824883262996047,0.730046797607211,0.025641577485835926,-0.024163345634618614
1756018807.864829,0.020934151674713977,-0.001087646283535699,0.22472626277025146,-0.682486491479912,0.7300497825198672,0.025628322777682636,-0.02413903605650856
1756018807.8981726,0.020930591085317536,-0.0010903490612902316,0.2247288588110701,-0.6824873858850771,0.7300490387264427,0.025626525134721474,-0.02413815179068846
1756018807.931517,0.02092911569681595,-0.0010965369373258326,0.22473710498719188,-0.6824966759504195,0.7300410219650849,0.025629576991233617,-0.024114691539661143
1756018807.9648597,0.020927192068212502,-0.0011054052884426045,0.22474308435704388,-0.6824882522332522,0.7300502130030064,0.025620915284504976,-0.024084035331517765
1756018807.9982016,0.02093194176158264,-0.0011116366549390054,0.224746764679668,-0.6824802590115937,0.7300573766622374,0.025622680554770964,-0.024091514724238653
1756018808.0315442,0.020933620428561048,-0.0011129773857267897,0.22474778447952445,-0.682480189319272,0.7300577172098432,0.025614254721528402,-0.024092129091126516
1756018808.064888,0.020937900292108264,-0.001111540655988295,0.22474824903528068,-0.6824953279448184,0.7300440215118971,0.025611168290872323,-0.02408157069230126
1756018808.098232,0.020938307167848648,-0.0011168492381914152,0.22475549694498606,-0.682476947316188,0.7300616926522638,0.025610645785732845,-0.02406732486435352
1756018808.1315746,0.02094019418781884,-0.0011228128859125642,0.22476265825846506,-0.6824679681464151,0.7300701712979472,0.025600802669813297,-0.024075222486014583
1756018808.164918,0.02093901296760791,-0.0011227367022805773,0.2247644654291271,-0.6824653717310721,0.7300724886637612,0.025611004055816067,-0.024067699423183733
1756018808.1982615,0.020944512388822646,-0.0011154897556658354,0.22476845494660713,-0.6824734684179512,0.730064541839161,0.02561315873057522,-0.024076871777493333
1756018808.231606,0.020955258249404488,-0.0011118699470072664,0.22477551457877257,-0.6824599843323126,0.7300774547616138,0.025605088843836714,-0.02407611387334352
1756018808.2649486,0.020961473920208175,-0.0011123141370224354,0.22478249710796608,-0.6824508278988154,0.7300863583018626,0.02559954988626386,-0.02407155930483828
1756018808.298291,0.020968127883273957,-0.0011285205160333105,0.22479615062146086,-0.6824594631987915,0.7300784551413492,0.025615870073710852,-0.024049067117151622
1756018808.3316355,0.02097482845878934,-0.0011255246984208222,0.22479826083039667,-0.6824553623988014,0.730081667478933,0.02562064214653959,-0.02406283109487024
1756018808.364979,0.020973219581221197,-0.0011214482245675995,0.22480028490167242,-0.6824528050642232,0.7300856058804394,0.025588775640759693,-0.02404977146194825
1756018808.3983197,0.020977337436427407,-0.0011179039050117684,0.22480221816487872,-0.6824292970064314,0.7301071848937424,0.02559488332008463,-0.02405525102079485
1756018808.4316638,0.020982221238213583,-0.0011161740502555338,0.22480645616686606,-0.6824348992872844,0.7301016849444648,0.025598694915527284,-0.024059191479125667
1756018808.4650073,0.020981614699234992,-0.001117425330178776,0.22481022301451029,-0.6824367861760239,0.7301006025505532,0.025587214804965015,-0.02405072696580118
1756018808.4983506,0.02098058705048645,-0.0011207735916415015,0.22481177839897923,-0.6824243414596329,0.7301128096367728,0.02558031556017647,-0.02404060821871568
1756018808.5316927,0.020990255391269662,-0.0011313624777163718,0.2248171512258007,-0.6824268919066069,0.7301089492919244,0.02561506411425044,-0.024048448119438567
1756018808.565036,0.020994953908866007,-0.0011321971291348948,0.22481958637732638,-0.6824361088177138,0.7300998532487492,0.025623803777118898,-0.024053738750644024
1756018808.5983808,0.02100733038646241,-0.0011504231356886596,0.2248330597155904,-0.6824368509446542,0.7300990185892082,0.02563903036275613,-0.02404178965626988
1756018808.631725,0.0210141013018751,-0.0011556471642912027,0.22483995235452556,-0.682436021510189,0.730100589633149,0.025624964901002016,-0.024032618178121013
1756018808.6650674,0.02101311579889948,-0.0011489587501562197,0.22484233181578875,-0.6824232587542064,0.7301130297092238,0.025615249815696788,-0.024027457980132894
1756018808.6984124,0.021020396591550035,-0.0011379821950707177,0.2248463469795646,-0.6824333005141804,0.7301031931662304,0.025623474628298375,-0.024032378695615676
1756018808.7317555,0.021013051550857233,-0.0011287605630864034,0.22484864625888668,-0.6824458135856712,0.7300924634650917,0.025599823797465313,-0.024028219501320076
1756018808.7650988,0.021011506650923502,-0.0011245260595950666,0.22485227977117273,-0.682442845161642,0.7300957078842779,0.025590705367375073,-0.024023659493056234
1756018808.7984402,0.021017656529626255,-0.0011249011960229565,0.22485593941713758,-0.6824254782790354,0.7301115514649358,0.02559452490756112,-0.02403142334216878
1756018808.8317845,0.021022994453698006,-0.0011194841587346043,0.22485974453264304,-0.6824389049784262,0.7300981877435773,0.025602083698909844,-0.02404808798355374
1756018808.8651297,0.02102472416011216,-0.0011160726129426685,0.22486394695628983,-0.6824436344188556,0.730093199696402,0.025605345422640508,-0.024061834594239065
1756018808.898476,0.021027739896622086,-0.001117129566427846,0.22487090220701667,-0.6824392279643012,0.730098198631516,0.025595763000293394,-0.024045319855150987
1756018808.931818,0.021030856143706464,-0.0011158976595784917,0.2248734990741176,-0.6824392387381714,0.7300980822804328,0.025594407338642884,-0.024049989477816894
1756018808.9651632,0.02104054523836006,-0.0011146542073269246,0.22487620061421093,-0.6824471500188778,0.7300896641994418,0.02560390417534224,-0.024070931665339794
1756018808.9985094,0.021046380049744656,-0.001115522354090685,0.22488238720289863,-0.6824405641746287,0.7300964973333883,0.02559194530647517,-0.02406311047978288
1756018809.031854,0.021052408984514125,-0.0011139167070971117,0.22488602272788769,-0.6824313764855358,0.7301054003484341,0.0255884769936247,-0.024057236234784514
1756018809.0651984,0.02106166231134126,-0.00111481213156762,0.22488961417827746,-0.682426561359712,0.730109530698118,0.02559682815399768,-0.024059591081059567
1756018809.098543,0.021062014852678758,-0.0011084876282068967,0.22488851688728068,-0.6824309996933828,0.7301055263874187,0.025585420387997417,-0.024067348412526425
1756018809.1318882,0.021060153326277503,-0.0011073244201572727,0.22489114335451407,-0.6824328865965648,0.7301034061959005,0.025598749245999943,-0.024063989479395184
1756018809.1652331,0.02106062260244914,-0.0011105796419860069,0.22489786277552115,-0.6824322167503375,0.7301047430274626,0.02558753452115714,-0.024054351522164175
1756018809.1985767,0.02107211575117931,-0.0011162638810012931,0.22490424063980116,-0.6824352468931698,0.7301018717861498,0.025585261226797423,-0.024057951287991104
1756018809.231922,0.021083849604325737,-0.0011176450885156724,0.2249097032045841,-0.6824327539500924,0.7301037396572791,0.025584983436850898,-0.024072272370611717
1756018809.2652678,0.02108296199289509,-0.0011136969729820547,0.2249086710475386,-0.6824294237718135,0.7301074641555481,0.025570559211627982,-0.024069043529608786
1756018809.2986133,0.021083490386122415,-0.0011104259780319444,0.22491041202824563,-0.6824252997610276,0.7301124017415034,0.025551369904712858,-0.024056570107103433
1756018809.3319557,0.021081287017814435,-0.0011044947275444378,0.2249124518511951,-0.6824301605363391,0.7301085538318972,0.02553903496452634,-0.02404856138987687
1756018809.3653004,0.02108384538105243,-0.0011045417618750527,0.22491371053527676,-0.6824277194527697,0.7301107626013407,0.025537430271112663,-0.024052478278307855
1756018809.3986475,0.02108905511990855,-0.001107216968322503,0.224920643447778,-0.6824245718627842,0.7301143207660041,0.025535563227078343,-0.024035751308590262
1756018809.4319923,0.021089128946617436,-0.0011103799451780481,0.22492709311895256,-0.682407977954783,0.7301303620808751,0.025527574081805855,-0.02402808674889359
1756018809.4653354,0.021095041554070583,-0.0011100428337770187,0.22493142945188152,-0.6824078509306201,0.7301296340197347,0.02553983080130871,-0.02404078944422466
1756018809.4986818,0.02109604079582062,-0.001107704558079885,0.2249373039985763,-0.6824051880591825,0.7301321566679916,0.02553675388222318,-0.024043030391742524
1756018809.5320282,0.02109720294899818,-0.001106862047458384,0.22493978029848413,-0.6824090535020078,0.7301285950660579,0.025534904516328963,-0.024043440201024342
1756018809.5653722,0.021102631330990163,-0.0011106059210576503,0.2249456031271335,-0.6823869573116761,0.7301496415156158,0.025533597004631616,-0.024032829827871156
1756018809.5987163,0.021108832124034624,-0.00111244964368616,0.22495271392506178,-0.682385900099697,0.7301504903314774,0.02554179659819406,-0.02402834660075407
1756018809.6320617,0.021111079721744544,-0.0011126156461530603,0.22495831531189955,-0.682400636105699,0.7301361210256446,0.025555398727617716,-0.024032024717756038
1756018809.6654074,0.021108558671000206,-0.0011120829272247604,0.22496608174737445,-0.6824055593919939,0.7301319033118076,0.025556247573253758,-0.024019460592438067
1756018809.6987512,0.021113002306907436,-0.0011137347741306221,0.22496230387997831,-0.6823756731872767,0.7301595410606733,0.025570320213928674,-0.02401341217809633
1756018809.7320998,0.02112644183586382,-0.001090928082261085,0.22495848691440043,-0.6823890040894536,0.7301452422864012,0.025620602008621447,-0.02401576601009916
1756018809.7654424,0.021134613871923204,-0.001058654409915174,0.2249705757320246,-0.6824174722244053,0.7301189734536278,0.02564928810352952,-0.02397482483055839
1756018809.7987857,0.021133200737193464,-0.0010383619723396116,0.22497150064524235,-0.682439340968616,0.7300999299919041,0.025700197624073766,-0.023877561982357128
1756018809.8321311,0.02111641392199936,-0.0010159615563364826,0.22494289489786146,-0.6824704939333416,0.7300706083857453,0.025820834258135895,-0.023753235566180166
1756018809.8654745,0.02109489352466761,-0.0010104087872478923,0.2249588599234847,-0.6824956397469362,0.730051146307754,0.025892078322222796,-0.02355049429015571
1756018809.8988101,0.021063505246849988,-0.0010522368840540958,0.2249012715217725,-0.6825467982275583,0.7299984296435444,0.026239647967761858,-0.023316127933169294
1756018809.9321659,0.021045672941650773,-0.0010726356997730632,0.22492690190666995,-0.6825874819601808,0.7299682322789091,0.026313757982546093,-0.022984679151564685
1756018809.965489,0.02098992569138431,-0.00108438353593485,0.2248691608807789,-0.6826518524891023,0.7299048317678978,0.026660926301311092,-0.022684352841327284
1756018809.998843,0.020967329932811127,-0.0010078434734041336,0.22486000256923278,-0.6827167455690961,0.7298506972487763,0.026768401118070533,-0.02234407632011801
1756018810.0321577,0.02092290830233942,-0.0006158252513103295,0.2247928824386384,-0.6827916361646758,0.7297794216685423,0.026894775082498615,-0.022231697325101687
1756018810.0655437,0.020851343150922456,5.754318418488584e-06,0.22484349050570154,-0.6827837347819158,0.7297970797472565,0.026670578188881973,-0.022164705473020477
1756018810.0989182,0.02074595563373636,0.0006978680693581455,0.2247768479256393,-0.6828012712057288,0.7297780082832237,0.026629867152141395,-0.022300960550416978
1756018810.1322365,0.020761619404411444,0.0012837906218974764,0.22484697363137143,-0.6828378590932188,0.7297463237657211,0.026527194793643332,-0.022339853978587936
1756018810.1655905,0.02062985025899592,0.0020232603397786933,0.22473044238134388,-0.6828736039425527,0.7297074895189838,0.02653392650392568,-0.022507143814709193
1756018810.1989195,0.02063965975755954,0.0027549204961256337,0.22476974939747704,-0.6828801061948482,0.7297062245909495,0.026315344739128315,-0.02260727731940651
1756018810.2322555,0.020550860355519077,0.003563239135665666,0.22466398114411992,-0.6828800545533648,0.7297075679729081,0.026206774070910623,-0.022691437350976475
1756018810.2655842,0.020522066952262955,0.004283127193718732,0.224670000182978,-0.6828725950496187,0.7297184766759633,0.026074734749745903,-0.022717216723033368
1756018810.2989147,0.02050901049125907,0.005093160820077585,0.22455547580130458,-0.6829531998515425,0.7296280111544969,0.026284098733062852,-0.02295731484871697
1756018810.3322558,0.02053769347881488,0.00588789995850871,0.2245565406981431,-0.6828467873137252,0.7297335834533837,0.026131425079469556,-0.022941465927955637
1756018810.365601,0.020481439333118086,0.00673556951442466,0.22442479003876906,-0.6828415010094168,0.7297289110455779,0.026243374524130073,-0.02311895709213701
1756018810.398944,0.020378834079742836,0.007562693493155656,0.2244107631953343,-0.6828936661467174,0.7296832087188045,0.02615888252488063,-0.023116412255680348
1756018810.432238,0.020195806725540145,0.008451829563423698,0.2243272505300462,-0.6828854170140073,0.7296940618722098,0.026025178005129417,-0.023168370849989572
1756018810.4655676,0.020128417394322036,0.009366555174104027,0.2243104453094656,-0.682736062460616,0.7298333258796675,0.02601729466557147,-0.023192365758627924
1756018810.4989223,0.020041321379856085,0.010356319328523246,0.22424207000133525,-0.6826923799369392,0.7298697829739832,0.02601850115920735,-0.02332920647979627
1756018810.532221,0.02004028633505959,0.011414299053566682,0.2242278429729925,-0.682755038808178,0.7298039561227021,0.026066123426476538,-0.023501059959337565
1756018810.565564,0.020041258900129033,0.012457441605031806,0.22429543659753873,-0.6826789122566574,0.7298716362284178,0.026006458199771515,-0.02367618046101982
1756018810.5989077,0.01994651225219416,0.013543253954941643,0.2242700730802971,-0.6826397414184739,0.7299121173668959,0.02591051716191385,-0.023662828603021945
1756018810.6322398,0.01988536204227706,0.014688116671241007,0.22418784389719604,-0.6826751145280753,0.7298762524946202,0.025886507483228554,-0.023774624682830224
1756018810.6655803,0.01972549567776507,0.015857779748045482,0.22411770713824627,-0.6826314615331668,0.7299138653672352,0.0258981444503991,-0.023860490015515233
1756018810.6989288,0.01956181852893514,0.01710089946751933,0.22406490627998857,-0.6826838025992679,0.7298616185879168,0.025869864923030603,-0.02399152912371821
1756018810.732265,0.019429550845664847,0.01834986706116992,0.22398237469050275,-0.6826748220153595,0.7298713707538088,0.025840606981551675,-0.023981921755326048
1756018810.765605,0.01922365798114232,0.019612046381926672,0.22389797151196494,-0.6827418782702529,0.7298046174386006,0.02585711006357322,-0.024086466749306052
1756018810.7989433,0.01904323998097266,0.020937980609701222,0.22389164364331848,-0.6827311755813049,0.7298164581779952,0.025805111421606276,-0.024086832220408718
1756018810.8322792,0.01885713897347127,0.022371093841769635,0.2238310272246179,-0.6828657443344553,0.7296844389204608,0.025818129445551487,-0.024257349480421405
1756018810.865621,0.018663243607083685,0.023741215328991313,0.2237909038007832,-0.6828116671998251,0.729735596672589,0.025779723751267716,-0.024281514120914133
1756018810.8989694,0.018416887583119254,0.025222253337381866,0.22367297736205932,-0.6829036928351396,0.7296402789197339,0.025846448729417763,-0.02448613440581322
1756018810.9323118,0.018204068971416167,0.026693768151068626,0.22364914965979535,-0.6829037844071053,0.7296386975592682,0.025830850901920326,-0.024547085532730682
1756018810.9656541,0.017918777272199482,0.028104002512742386,0.2235922464143353,-0.6828422368556875,0.729692567283895,0.025836975957303495,-0.024651318219145374
1756018810.9989667,0.017514135626070494,0.029591468210267174,0.223505158785387,-0.6828785271259855,0.7296652068283597,0.02571808231492002,-0.024580141912013662
1756018811.0323064,0.017138439130677918,0.031015613337073096,0.2235852849605811,-0.6827784861404839,0.7297740398401525,0.025444753950162886,-0.02441217187199966
1756018811.0656443,0.016740498837680196,0.03257148739436092,0.2234963876241034,-0.6827074956065735,0.7298325695499018,0.025552204801471138,-0.024535294915118813
1756018811.0989857,0.016339347282807587,0.03410798116978036,0.22346004352409327,-0.6827147630418048,0.7298141289565406,0.025673790385674793,-0.024753706538832982
1756018811.13232,0.015789140504993693,0.035738558915093505,0.2234138684908986,-0.6827987637386711,0.7297391578928945,0.025616369096791526,-0.024706503374785874
1756018811.1656687,0.015315371379866258,0.03732432342358101,0.22333111236013944,-0.6827051615708589,0.7298204940974715,0.025668748323604145,-0.024835944099818586
1756018811.199011,0.014814658337960952,0.038919160926982777,0.2232651034882977,-0.6826035545008439,0.7299035576194203,0.02580657375141017,-0.025044055353320258
1756018811.2323377,0.014237659469313158,0.04066863223998899,0.22312969696762572,-0.6828018465429281,0.7297283856969167,0.02567272558604439,-0.024880366289982175
1756018811.2656887,0.013654982533433231,0.04241422678783205,0.22303808758985283,-0.682740675923309,0.7298008719686031,0.025379574590475285,-0.024733255088159545
1756018811.299031,0.013009837801232618,0.04415202679679139,0.22284780240559326,-0.6826469171913208,0.7298788174953695,0.025570003940616183,-0.024824848825803374
1756018811.3323545,0.012401414688719435,0.04586866404436111,0.22286420137511784,-0.6827292061038349,0.7298045358820817,0.025447095399807555,-0.024871989757152664
1756018811.3656895,0.011624160556656972,0.047573753439614785,0.22264309743784466,-0.6827673956733433,0.7297579612574558,0.025647975943945623,-0.0249836489884969
1756018811.3990345,0.010873848302473399,0.04928823881813714,0.22264994996232304,-0.6827670613468972,0.7297714882566522,0.025365792908700367,-0.02488556644937283
1756018811.4323735,0.009943682198404878,0.050975289646490694,0.22246158257117524,-0.6826139561101918,0.7299109849554958,0.02543594554676192,-0.02492295405912125
1756018811.4657252,0.009153383797254375,0.052787663391454645,0.22233067417262442,-0.6826381780995331,0.7298923347272303,0.02536749425579259,-0.024875444570202878
1756018811.4990675,0.008216537495278918,0.054526715970879845,0.2220815955336632,-0.6826095071036526,0.7299049428128476,0.025626688499873495,-0.025026148437432214
1756018811.5324106,0.0073142927104853026,0.05628725931718023,0.22199737439133196,-0.6826053673720232,0.7299146799981715,0.02555688928981912,-0.02492624656661959
1756018811.565759,0.006256280553795082,0.058030735196520564,0.22184741813829498,-0.6824586387500665,0.7300531952789094,0.02560349684151493,-0.024839472779169924
1756018811.5990994,0.005276643887122852,0.05992871749539921,0.22176081807985923,-0.6825529221131289,0.7299615024339658,0.025684536159298676,-0.024859969458103492
1756018811.632406,0.003999725758699502,0.061655618627912676,0.2215972505512968,-0.6824921339707243,0.7300273609048328,0.0256034850934538,-0.02467794459596194
1756018811.6657574,0.002868037956851449,0.06348931697182106,0.22154012223906724,-0.6825220148716875,0.7300043355248197,0.02557835241055703,-0.024558444951173996
1756018811.6991086,0.0017238135271871041,0.06530111723253243,0.221565568093924,-0.6824550693503483,0.7300736498496423,0.025471388244096196,-0.02446941957120621
1756018811.7324216,0.00046872902940996164,0.06711770126263872,0.22149352226147093,-0.6823588787620259,0.7301556716447763,0.025614082886103985,-0.024555539039087373
1756018811.7657602,-0.0007412653201431876,0.06908351087629865,0.22148284958730016,-0.6823978683954056,0.730120100306107,0.025502352946007157,-0.02464585832598247
1756018811.799102,-0.002084920312438343,0.07094643693184526,0.22135117252657324,-0.6822736323696853,0.7302267153956424,0.02565401370017853,-0.02476905885651967
1756018811.8324418,-0.003391806348486577,0.07278576149095774,0.2213462097358945,-0.6822482470944864,0.730254627798119,0.02556775900978819,-0.024734542954111184
1756018811.8657846,-0.004826032226213667,0.07471943927176894,0.22130048682803857,-0.6823375013949845,0.7301794599061546,0.02545971933633548,-0.024602707422574716
1756018811.8991144,-0.006322155105070275,0.07657470974456247,0.2212112337222074,-0.6823419447364915,0.730168698888605,0.025603135184281207,-0.02464997130383235
1756018811.9324522,-0.007870474373510315,0.0783990240782772,0.22118622620641476,-0.6822956296045212,0.7302142013490777,0.02551841048837921,-0.024671941489180824
1756018811.965785,-0.009516396163998131,0.080205341352859,0.2211331188634309,-0.6822755106525654,0.730242559228588,0.025369390480713332,-0.024542336516726288
1756018811.9991233,-0.01120296068146056,0.08201354142789372,0.22101623578572788,-0.6822007268950842,0.7303011751749444,0.02552799101811514,-0.02471200996465178
1756018812.0324605,-0.012910014397203504,0.08379879044149482,0.2210205580161774,-0.682167174297041,0.7303472160665601,0.02531914822323626,-0.024491448072040324
1756018812.0657978,-0.014744917629875953,0.08560765996079263,0.2208779938053519,-0.6822008320262906,0.7303072189535827,0.025480680476356824,-0.02457896762238732
1756018812.0991402,-0.016575092217461854,0.08744201574079796,0.22080969633301253,-0.6822873315838511,0.73022056910538,0.02558101234942401,-0.024648111951663148
1756018812.1324742,-0.018393539911820092,0.08922858537419086,0.22088787635094004,-0.6821554191237867,0.7303546478627958,0.025351506855214666,-0.024563664332352023
1756018812.1658175,-0.02042986548467289,0.09101877678634342,0.2207715098006161,-0.682166383669535,0.730340988685493,0.02540311005606124,-0.024611932809207964
1756018812.1991522,-0.02240742049195027,0.0926739161308798,0.22065141711629052,-0.6821168622106105,0.730386795847647,0.025477850964387365,-0.024547787061056023
1756018812.2324922,-0.024521322570256375,0.09434022678235704,0.2206070816893279,-0.6820554783975014,0.7304406508034673,0.025511528790408956,-0.024615887969736804
1756018812.2658377,-0.026578323338245925,0.09603448014684873,0.22065290617824904,-0.682100619779023,0.7304072004989663,0.025335475002258856,-0.02453934927306164
1756018812.299179,-0.028777041245328337,0.09768554283357986,0.22050495854506102,-0.6821527755333894,0.7303448635533785,0.025538433692717858,-0.024733772818011424
1756018812.3325214,-0.03097498683340747,0.09927058442286547,0.22034287955244233,-0.6821109058639333,0.7303808338632609,0.025624505504036266,-0.0247373067322504
1756018812.3658555,-0.033241036560838634,0.10085102300669545,0.2202900522633965,-0.6821197105921217,0.7303817504177582,0.025442104786228156,-0.024655595358010762
1756018812.3991969,-0.03565701523927208,0.10237628271561258,0.2202245355851459,-0.6821129014200377,0.7303875110818695,0.02542522396662996,-0.024690714007834076
1756018812.4325252,-0.037997199256102135,0.10380518176556396,0.22016101656282416,-0.6821121485094763,0.7303881161968696,0.025399594740571872,-0.024719974943127658
1756018812.465867,-0.040497572267777726,0.1052237554210708,0.22019500986221135,-0.6821016291131702,0.7303951356024784,0.025441579893923306,-0.024759633718965852
1756018812.4992163,-0.043035559968532276,0.10656565229093445,0.22010090583018854,-0.6821478915736875,0.7303510486267331,0.025443714899567565,-0.024783405002409494
1756018812.5325615,-0.045657455406029286,0.10789028316674229,0.22002377817911756,-0.6822262189489913,0.7302735528887426,0.025462518732187994,-0.02489144972934747
1756018812.5658956,-0.04826494362959512,0.10912273976215729,0.21997015470109602,-0.6822092303885205,0.7302962206972324,0.02534953160124307,-0.024807201689010967
1756018812.599238,-0.05091228646330192,0.11038166755349885,0.2198877949740905,-0.6822181651460468,0.7302855412891518,0.025407897813337344,-0.024816165245236114
1756018812.6325862,-0.053748827917849566,0.11152405944759891,0.21978933374605797,-0.6822655769732661,0.7302355734236474,0.025477140872980895,-0.024911946469749754
1756018812.6659253,-0.05659002107999785,0.11259254648840901,0.21976809314886542,-0.682250289355718,0.7302632982525354,0.025262679853690583,-0.02473570104075082
1756018812.6992652,-0.059549758566771444,0.11356849423522812,0.2196709157928227,-0.6822307486142448,0.7302772123586847,0.025379731233243767,-0.024744049737341036
1756018812.7326086,-0.06248822361088158,0.11447268088458805,0.21964857024763582,-0.682147135806803,0.7303546236244364,0.025352875322768042,-0.024791945745572717
1756018812.7659407,-0.06543610808306434,0.11538261579938695,0.21965548781256447,-0.6821907988028726,0.7303277025824259,0.02506127217649263,-0.024679819818427186
1756018812.7992866,-0.06844699161881793,0.11622935561613847,0.2195217155276937,-0.6821591272215201,0.7303539063415384,0.025166547847309106,-0.02467268752038258
1756018812.8326325,-0.0714622274677755,0.1169602114011148,0.21944559051388962,-0.6821390952549633,0.7303732968859341,0.02511121117692407,-0.02470888491897944
1756018812.8659809,-0.07459133759647514,0.1176660117849222,0.2193511837472434,-0.6823231836864593,0.7301967110314321,0.025206954533892482,-0.02474763920012818
1756018812.8993223,-0.07774580899403749,0.11825119546370595,0.21927882214472244,-0.6823956523737988,0.730126122721003,0.025247780617289047,-0.02479048437674771
1756018812.9326572,-0.08090528614066479,0.11866553602663275,0.2193642327471221,-0.6823681705142279,0.7301620662891062,0.02503269451640301,-0.024706295285546295
1756018812.966001,-0.08417383076884537,0.11911175519115869,0.2192085509556574,-0.682447336602013,0.7300814928910508,0.025156227759531573,-0.02477520348460823
1756018812.999349,-0.08733114024073274,0.11941716859118631,0.21918435411467976,-0.6825138343288266,0.7300232953130326,0.025069009311556645,-0.024746697197825508
1756018813.0327015,-0.09062403230952946,0.11964389442307045,0.21904109296381474,-0.682535513549129,0.730006464823492,0.025045648899043375,-0.02466879671488154
1756018813.066035,-0.09393844193075743,0.11975920925015755,0.2189501841414424,-0.6825608920034866,0.7299833289072268,0.0249968726514547,-0.024700700042210803
1756018813.0993793,-0.09730629651038987,0.1197172445979671,0.21887117499557351,-0.6823310701624331,0.730193089817159,0.0250578126828005,-0.02478847106646104
1756018813.1327212,-0.10058206285603263,0.11965610705275416,0.21883278619382535,-0.682483053917105,0.7300597648611213,0.024942356398387155,-0.02464750908716826
1756018813.1660597,-0.10391801941079505,0.11943723315352223,0.21871702940644935,-0.6825297210782366,0.7300083295917346,0.025142839682412228,-0.024675011332412445
1756018813.1994052,-0.10724140425512685,0.11916315608873361,0.21864162126700318,-0.6826420586164634,0.7298978250677368,0.025209531397856647,-0.024768211400200482
1756018813.2327497,-0.11069673382615292,0.11872011180774712,0.21855248111409242,-0.6825477916959418,0.7299887271556555,0.02520423197299193,-0.0246924475763506
1756018813.2660894,-0.11393409586225031,0.11829080443938779,0.21846741854406557,-0.6826523985498265,0.7298963350844475,0.025074381687641353,-0.024664106864904518
1756018813.299422,-0.11727175074749113,0.11771823340784669,0.2183616717869959,-0.6825568612438647,0.7299889571227204,0.02501218801320549,-0.024630146134338823
1756018813.3327484,-0.12078408989078546,0.11703688846716562,0.2182446013260483,-0.682584748720374,0.7299638346849542,0.024975013119460907,-0.024639593869695595
1756018813.366091,-0.12415719110399391,0.11630044024351825,0.21814296750252665,-0.6826613470889156,0.7298981583094921,0.024905872901012944,-0.0245328592340385
1756018813.3994327,-0.12730303360187772,0.11526699152188959,0.21808823166340638,-0.682745955867918,0.7298137859383136,0.025013709595956585,-0.024578688586610768
1756018813.4327729,-0.13080082905434776,0.11414233864555892,0.21799353938260227,-0.6825881091868367,0.7299613192187919,0.02505026567117608,-0.02454444602966611
1756018813.4661176,-0.13407101356016982,0.1130794984671065,0.21787992524945307,-0.6827410144792807,0.7298229373448093,0.025004681435415874,-0.024453081186436396
1756018813.4994442,-0.1373184114582791,0.11188115744285122,0.21757025361212273,-0.6827540536212208,0.7298117228414204,0.024978263602503825,-0.024450722165874083
1756018813.5327847,-0.14064592652590205,0.11072106479905428,0.21759035616464237,-0.6827882294648918,0.7297848621803994,0.024834609173427915,-0.024444443616839378
1756018813.566133,-0.14399634767008887,0.10931481801651691,0.217431515930548,-0.6827911805373067,0.7297844560776378,0.02483341644878065,-0.02437525128934648
1756018813.5994701,-0.14723570589243348,0.10762846009619692,0.21730151103167838,-0.6825518003320954,0.7300077530123597,0.02487717417096855,-0.02434844164476067
1756018813.63281,-0.1504461413615652,0.10611212387728988,0.21722574911211842,-0.6826515474409164,0.7299214908743087,0.024713165906358286,-0.024305171614976324
1756018813.6661494,-0.15363179620979767,0.10439501646055081,0.21699786222865727,-0.6826681816195066,0.7299003506170142,0.024857217480116694,-0.024325926757721435
1756018813.699495,-0.15655779269765777,0.10263624954482867,0.21684770704563242,-0.6826147525574549,0.7299520067460311,0.02480665304589279,-0.024326886422791957
1756018813.7328389,-0.1596738858277455,0.10086629648454869,0.21687674171402188,-0.6826992214654608,0.7298710706427352,0.024850754206823762,-0.02433995202610955
1756018813.7661786,-0.16286004566316312,0.09872211644626389,0.21688556996866684,-0.6823851161860478,0.730168731329686,0.024766739696335704,-0.024306081563361198
1756018813.7995186,-0.165621402800444,0.09666276951668695,0.21689465988009096,-0.6825379690837424,0.7300309656984798,0.024625853213914903,-0.02429562170170023
1756018813.8328624,-0.16858137735415493,0.09431515426853616,0.2166238479869559,-0.6825324912752837,0.7300242659804702,0.0249439034209642,-0.024326346116013798
1756018813.8662047,-0.17140146634028863,0.09200750078359309,0.2166047739846353,-0.6826698407043695,0.7299035550880388,0.024808950985454707,-0.024232309289755564
1756018813.899545,-0.17413740781880668,0.08951818837815123,0.21647746664052656,-0.6826378975945352,0.7299322816391896,0.024895592483210775,-0.024177974762782863
1756018813.932885,-0.1768910470206026,0.08697111884902597,0.2163189889894851,-0.6825672351696133,0.729993910518389,0.024932389332933555,-0.024274184664601944
1756018813.9662275,-0.17941274268307505,0.08443834428398224,0.2162867515836994,-0.6826620179741011,0.7299088071337971,0.02488958463718079,-0.02421179589857291
1756018813.9995732,-0.18190306042634072,0.08164289678017601,0.21622226236089231,-0.6825334625656285,0.7300326053603436,0.02482211496806922,-0.024172922816130673
1756018814.0329146,-0.18444214381768687,0.07881711533964006,0.21608423466227208,-0.682569429840543,0.7299928220921998,0.024926719532217773,-0.024251016357752057
1756018814.0662546,-0.1866849188000323,0.07598512383128204,0.21604034606402253,-0.6825618069489838,0.730003626712347,0.024842153240012294,-0.024227094414277273
1756018814.0995893,-0.18922534143813416,0.07299282761440559,0.21599707747126856,-0.6825733401333893,0.7300004801774026,0.024712831297758104,-0.02412903332416467
1756018814.1329336,-0.191303894343203,0.07001011144174525,0.21549716535773972,-0.6826219199899064,0.7299518162576338,0.02485256748870104,-0.02408340052183341
1756018814.1662674,-0.1933455321954475,0.06692286328982155,0.21546495341272337,-0.6825985557613946,0.729970985282375,0.02484561958978057,-0.02417162604246845
1756018814.1996098,-0.1953320099192464,0.06373384804869651,0.2155610218062089,-0.6826609932588383,0.7299190855548845,0.0247094243050292,-0.0241151648572296
1756018814.2329507,-0.19737757536435044,0.060433156068212465,0.2152084788233617,-0.682762050316733,0.7298277026178769,0.024722357747218135,-0.02400650258203428
1756018814.266299,-0.19909068852460612,0.05704177752461012,0.21504202199427816,-0.6828152039415175,0.7297740499871278,0.0247566683025173,-0.024090259572035665
1756018814.2996373,-0.2010297888795931,0.05363865371203589,0.21471733418335137,-0.6829302337277594,0.7296607702343796,0.024924955987602835,-0.024087399414124633
1756018814.3329809,-0.2026027390830734,0.05013518094631162,0.21460770577903215,-0.6830648716327957,0.7295346798414593,0.024991762996166303,-0.02401965512315218
1756018814.366329,-0.20388112629159705,0.04655600922653142,0.21451453464663991,-0.6830735563294913,0.7295282803213768,0.02496733763593677,-0.02399243435104446
1756018814.3996675,-0.20508733746205993,0.043059637199191245,0.21442949634425731,-0.6831882111720273,0.7294251626024677,0.02485165947444206,-0.0239832295426423
1756018814.4330113,-0.20634304476991766,0.03952265311315669,0.21431511772186138,-0.6832985000152512,0.7293155331828232,0.025028419410002927,-0.023991480925508627
1756018814.4663527,-0.2074449716887934,0.03576588250228785,0.21426470332036832,-0.6831644911920992,0.7294377812997755,0.025029192153460895,-0.024090262075083736
1756018814.4996996,-0.20832179894052344,0.03217578412329456,0.21434871377244727,-0.6832320981871205,0.7293817197339972,0.02492592510490956,-0.02397718045071332
1756018814.533043,-0.2091621572614319,0.028586331694885992,0.21416450750783556,-0.6834360231864826,0.7291903731011109,0.024997586519172162,-0.023910722614024663
1756018814.5663855,-0.20979721547405783,0.024940235687331384,0.2142129460983019,-0.6834497580055964,0.7291721812869748,0.025081743924437964,-0.023984670958677956
1756018814.5997226,-0.2104236199156458,0.021241711070298458,0.2142150836535063,-0.6832893482423738,0.7293200616524332,0.025113354438510278,-0.02402568789127435
1756018814.6330678,-0.2109272911100683,0.017597624789023946,0.21411447410357926,-0.6832435182430691,0.7293641214537108,0.02508101257522143,-0.02402531837647664
1756018814.6664085,-0.21126133256121227,0.013910637740536911,0.2141873514660507,-0.6832295280437198,0.7293838168612442,0.024988603525172612,-0.023921316935749993
1756018814.6997428,-0.21148879823233313,0.010190664259639586,0.21413672397425373,-0.6832781477416444,0.7293448624622707,0.024880469876129106,-0.02383288982439948
1756018814.7330785,-0.2116273665301062,0.006483386683962936,0.21408889726973326,-0.6833573690664348,0.7292743111730402,0.02477159840317676,-0.023833864945484156
1756018814.7664213,-0.21159849387057872,0.0027230280688102194,0.21407076305555622,-0.6833380449390689,0.7292891644664884,0.024815048115040955,-0.023888162710235073
1756018814.7997665,-0.21145459161974012,-0.0011316387959869228,0.21427951703183293,-0.6832572200789243,0.7293632144660224,0.024891545841148912,-0.023859663439564957
1756018814.8331146,-0.2111754281025392,-0.0048766530292085886,0.21433715449438528,-0.6832167458316902,0.7293934761415075,0.025034285868535115,-0.023944095481265956
1756018814.866453,-0.21097382802582443,-0.008782942250372835,0.2142578134687722,-0.6831973990615147,0.7294194076759033,0.02499719598483635,-0.023744090090200842
1756018814.8998032,-0.2104689635077698,-0.012553835787486832,0.21430306900378662,-0.6831799419520856,0.7294368280401895,0.025015287119709146,-0.023692113103955626
1756018814.9331422,-0.2097561785500662,-0.016366368464290553,0.2142721573173612,-0.6830612261366279,0.7295412573945564,0.02511876273773423,-0.023789974073578146
1756018814.966485,-0.20900987204825322,-0.02019557596118344,0.2142893327359041,-0.6829089813561605,0.7296791968373239,0.025267198375681445,-0.02377312710127068
1756018814.999824,-0.20794811113358652,-0.02378562499494156,0.2144557638117598,-0.6829815229439828,0.7296138656888416,0.025130554952492796,-0.023839075474577066
1756018815.0331612,-0.20690611065109218,-0.027296413554240798,0.21458007083899158,-0.6830047104022936,0.7295941987832085,0.025111781834742705,-0.023796409041099028
1756018815.0664954,-0.20567184851768214,-0.030824961254660325,0.21465991408584614,-0.6830239739438936,0.7295759329081245,0.025141931111267536,-0.023771673040139794
1756018815.0998387,-0.20432272156457965,-0.03429661586464121,0.21480166145907514,-0.6829943118318501,0.7296042961092425,0.025128331407448374,-0.0237677947010593
1756018815.1331792,-0.2030135247683988,-0.03775223283326282,0.2148689239515346,-0.6828599973650477,0.7297278334170846,0.025214595849503085,-0.0237431525110083
1756018815.1665144,-0.2015065536049651,-0.04115009241031514,0.21500674556294666,-0.682843039969606,0.7297453336771793,0.025170635710112934,-0.023739625932144327
1756018815.1998522,-0.19985129478683078,-0.04450541316538349,0.2152017231032412,-0.6827966444191307,0.7297884140920846,0.025217102423325012,-0.023700438230270012
1756018815.2331915,-0.19805913971888592,-0.04769960875651354,0.21533943720660642,-0.6828487366705569,0.729735144535859,0.025306384487019804,-0.02374465331076662
1756018815.2665348,-0.19621295922709503,-0.050879089015275686,0.2155623465344219,-0.6828509405737299,0.7297371187542084,0.025240898902003702,-0.023690240448287277
1756018815.2998703,-0.1943012313563387,-0.05410417290719723,0.21570485245868884,-0.6826719856573092,0.7298990042850079,0.025378525908242234,-0.023713581871690852
1756018815.3331995,-0.19228442611959368,-0.05729720020038585,0.21585263548176728,-0.6826080538261631,0.729963551185886,0.025384467130355998,-0.0235602975417642
1756018815.3665483,-0.19005392954923786,-0.06035039132333764,0.21607042526411654,-0.682580082609165,0.7299871773647681,0.02539334331575568,-0.023629003862457122
1756018815.3998857,-0.18793831627206753,-0.06327354950431019,0.21617067245073654,-0.6825931238099341,0.7299741904828432,0.025550046641267924,-0.02348411533234378
1756018815.4332194,-0.1855399821111896,-0.06612753179073139,0.21621910172056552,-0.6826087838686746,0.7299624285119033,0.02546916936684131,-0.02348238825368164
1756018815.466563,-0.18312675158186895,-0.06892902234325678,0.21629983305037373,-0.6825750941109984,0.7299895427870732,0.02548663445425299,-0.023599571713846572
1756018815.4999018,-0.18069408769008743,-0.07176797494957093,0.2162123196576963,-0.6824276049796076,0.7301266061578516,0.025685135714996032,-0.02340890312501352
1756018815.533236,-0.17823608927196688,-0.07443279557149804,0.2163576488946998,-0.6824671373499236,0.7300916296475131,0.025699363746588065,-0.023331555007326463
1756018815.5665789,-0.17576403388085338,-0.07694364298583613,0.21635664676845798,-0.6824230002785108,0.730136321271836,0.02563153746722311,-0.02329861235293679
1756018815.5999372,-0.1730512543256335,-0.0794344821375842,0.21645179254903002,-0.6824942679474262,0.7300682035855389,0.025688862432825636,-0.023282497271519636
1756018815.633279,-0.17020025421330612,-0.08175350561634664,0.21644998803357887,-0.6825541731065985,0.7300112599549391,0.02564319771244849,-0.0233620959002061
1756018815.6666129,-0.1673571157900245,-0.08390155431829813,0.21654165545899665,-0.6825848058866326,0.7299805914178374,0.025645198488708994,-0.023423123627023795
1756018815.6999571,-0.16463445470317375,-0.0861252194136779,0.21661402495161186,-0.682536849361873,0.7300292408316229,0.025606916986021085,-0.023346147357608586
1756018815.7333028,-0.16189736907775668,-0.08824426708093079,0.2166338950998512,-0.6822986925950164,0.7302545686235179,0.02556694102045915,-0.023304304633855064
1756018815.7666512,-0.15895907989486163,-0.09012014157057038,0.21676871051042138,-0.6823037582474675,0.7302489934438602,0.02552419899934308,-0.023377431874619558
1756018815.799991,-0.15611547296627987,-0.0921205336169529,0.21693874063604568,-0.6821802279810992,0.7303640924333142,0.025561086109779786,-0.023346518211616037
1756018815.8333302,-0.15316699158928826,-0.09398913935998214,0.21698067320685382,-0.6820790206470938,0.7304573733926982,0.02561813778543649,-0.023322655632409223
1756018815.8666747,-0.14993809137765643,-0.09560415467477626,0.2171009702114403,-0.6821863272704726,0.7303567343073113,0.025638457251314535,-0.023313623634170128
1756018815.9000194,-0.14680431073454653,-0.09709203600870281,0.21719660418236603,-0.6823238938866516,0.7302267926760102,0.02565803649366699,-0.023336671843993063
1756018815.933355,-0.14375529101340467,-0.09850826635571397,0.2174370889884025,-0.6822042270890017,0.7303540895054123,0.025319586618113607,-0.02322100381348931
1756018815.966672,-0.14055958243281585,-0.09960614301040283,0.21735730610979487,-0.6822124931141791,0.730339056160573,0.025458737517631152,-0.02329871175468372
1756018816.0000072,-0.13726609328698897,-0.10084444778835355,0.21740064805319556,-0.682083931641983,0.7304500098112153,0.025598268741816817,-0.02343121849225509
1756018816.033344,-0.1338244662795078,-0.10197571088541438,0.21761891673016234,-0.681973411144767,0.7305483778089127,0.025695923172768607,-0.023474533107947504
1756018816.0666745,-0.13067337409885216,-0.10312134815124024,0.21772484950431825,-0.6819397060427107,0.7305803128893539,0.0256594774964954,-0.023499679901691366
1756018816.0999968,-0.12741101578116537,-0.10407543547595399,0.2179224982687613,-0.6820580976689024,0.7304802002050795,0.025575046440794363,-0.023266832878073573
1756018816.1333363,-0.12411423951149855,-0.10498297495691909,0.21798194505216575,-0.6820976957410024,0.7304438560780279,0.025708684207280442,-0.02309913719182591
1756018816.1666763,-0.12084873315346412,-0.10587369231230945,0.2180319515990013,-0.6820758378799394,0.7304606850662544,0.02582200552772128,-0.023085991064788345
1756018816.200021,-0.11758345754391109,-0.1064906950420501,0.2181125543890405,-0.6821298538002911,0.7304078066105517,0.025854765011018948,-0.023126385860771217
1756018816.2333632,-0.11437259832551826,-0.1071658925356896,0.21819066716441232,-0.6819776074022422,0.7305516227501707,0.025916696295835963,-0.023004224657982495
1756018816.2667065,-0.11111853799522685,-0.1076870626243994,0.218359973306079,-0.6819097955403549,0.7306152767247821,0.025862626024002536,-0.023053692494349638
1756018816.3000383,-0.10773773012655585,-0.10800679128982059,0.21848975197225717,-0.6820283737589984,0.7304998130065049,0.025888021767146954,-0.023176084960600137
1756018816.3333848,-0.10445148969538673,-0.10828242875029459,0.2185682714921997,-0.6822098411090664,0.7303257598393109,0.0259828189355202,-0.02321444225562206
1756018816.3667238,-0.101210066886163,-0.10848296761379934,0.21866512544919933,-0.6821281165800722,0.7304084409087906,0.02589425292640112,-0.023113409214061728
1756018816.400046,-0.09804255464117734,-0.10861237638757819,0.2188934661418102,-0.6818824285267178,0.7306398849856235,0.02578350821238486,-0.023171595520436038
1756018816.4333925,-0.09489151825099898,-0.10860709667595816,0.21894486989160372,-0.6818379373522767,0.7306840122845479,0.0257478258400591,-0.023129004376698126
1756018816.4667294,-0.09173398249371224,-0.1085407587120929,0.21904773763628038,-0.6818785433305133,0.730643471163605,0.025786217336085777,-0.023169833554685545
1756018816.500069,-0.08848404372008158,-0.10828910821682712,0.219094663383199,-0.6821047103760329,0.7304282926028112,0.025828386858490104,-0.023250115708500364
1756018816.533403,-0.08543348224313731,-0.10808658410712699,0.21915702540782822,-0.6822396498773209,0.7303028924596444,0.02583379164277401,-0.023224138513736184
1756018816.566742,-0.08241969120062505,-0.10782108116089974,0.21931244642796452,-0.6822446856539567,0.7302975948853784,0.02587615754059908,-0.02319560890555788
1756018816.6000774,-0.07932520802682697,-0.10749500899682096,0.21955143499423696,-0.6822499566210074,0.7302916914360037,0.025943788185610238,-0.023150852354812828
1756018816.6334174,-0.0763074957377125,-0.10709788498688488,0.2196459287261343,-0.6823672081365366,0.7301704955464131,0.026093769289453037,-0.023348573783484882
1756018816.6667645,-0.07321126749479612,-0.10657766870342919,0.21973107165823236,-0.6824230055920891,0.7301171189027821,0.026209618748517596,-0.02325704213389152
1756018816.7000995,-0.07013846794426232,-0.10601532255487196,0.21988672819205748,-0.682468204017471,0.7300764788983863,0.026223729296244922,-0.02319054734797895
1756018816.7334428,-0.06709986453391421,-0.10532170641117392,0.21997967998936843,-0.6825655264140307,0.729977982056628,0.02628568406567253,-0.023356169995743373
1756018816.766778,-0.06437982089921768,-0.10448205985795994,0.22001934560800696,-0.682541244715766,0.7299955501532616,0.026313540764354063,-0.023484965206120482
1756018816.8001206,-0.06161502058402599,-0.10364427719515897,0.22013577570140927,-0.6825554957358096,0.7299836081401813,0.026265595161264334,-0.023495650625388914
1756018816.8334615,-0.05882646908981726,-0.1026746130268077,0.22015391384415628,-0.6825137026849981,0.7300208984655138,0.026258902003380522,-0.023558512609984122
1756018816.8668077,-0.05602174154439108,-0.10165685395464086,0.2201901796235664,-0.6825649226741128,0.7299746297519389,0.02621770638126735,-0.023554153041615823
1756018816.9001539,-0.05330979162433838,-0.1005510310715718,0.22016543856986984,-0.6826489095112124,0.7298949746717556,0.02624428505933076,-0.023559070308367364
1756018816.9334874,-0.0506770124110886,-0.09943517746106331,0.2202178335049209,-0.6826255069853147,0.7299173948461162,0.026188815314276897,-0.02360423408068905
1756018816.9668288,-0.04811217701734171,-0.09823346586053915,0.2201520355484194,-0.6825862141573309,0.7299483727175964,0.02627259266716602,-0.023689328480152635
1756018817.0001602,-0.0456601229772492,-0.09714837491109843,0.22020354591664845,-0.6824892455557363,0.7300374332197028,0.026299229584112613,-0.02370920331921741
1756018817.0334978,-0.04316881616629745,-0.09586303402267876,0.22022602021805784,-0.6825896057133214,0.7299446296949084,0.026299208058789617,-0.023677402880730156
1756018817.1001854,-0.038234070157234304,-0.0932640966794469,0.2203715785320416,-0.6825705322785658,0.7299616116560621,0.0263003033953721,-0.023702489631917747
1756018817.133529,-0.03591360302091426,-0.09191631577692574,0.22047417239803152,-0.6826088061590297,0.7299251404637082,0.02628452377073166,-0.02374091159425241
1756018817.1668713,-0.03369750593385124,-0.09050577298215816,0.22050556126001658,-0.6826719739522973,0.7298601418035636,0.02635192664379919,-0.023847963198470726
1756018817.2002163,-0.03146460407841165,-0.08910649136437382,0.22058809794489043,-0.6826282240906426,0.7299023627543223,0.02634727349579184,-0.02381322531390768
1756018817.2335598,-0.02930241218404015,-0.08764567195449387,0.22066209846565624,-0.6826620207902441,0.7298648000933983,0.026413221194956104,-0.023922389122125447
1756018817.2668931,-0.027058278861746013,-0.08600357162050193,0.22077915988339544,-0.6828389849323586,0.7297053961959802,0.0262428012672576,-0.023922182188523922
1756018817.3002229,-0.02502843180932282,-0.08442161753035754,0.22079449118362232,-0.6827645013776044,0.7297795324554028,0.02615199636183725,-0.023886036800931643
1756018817.3335738,-0.02306605737167211,-0.08288126624106658,0.22084403895971108,-0.6827810261624271,0.7297629151257008,0.02619467297310309,-0.0238746126178937
1756018817.3669121,-0.021134381014222006,-0.08127896406270807,0.22089755197539193,-0.6828832549222105,0.7296604720888531,0.026239190344508605,-0.024032488593231167
1756018817.4002573,-0.019294768228275826,-0.07976009805198836,0.22100151422759726,-0.682830854724581,0.7297092115678032,0.026248724269696926,-0.024031122807867927
1756018817.433599,-0.017455121424272295,-0.07809282073637105,0.22110822434857053,-0.6829549724194751,0.7295981252573532,0.026132596771572706,-0.024003513377079098
1756018817.466941,-0.01567774027380202,-0.07640757874325656,0.22113345632790402,-0.6830778284860364,0.7294787358853585,0.026158969659935305,-0.024107310680186924
1756018817.500284,-0.01386354630666211,-0.07466803538956743,0.22115412381978855,-0.6832630099049347,0.7293037576655945,0.026198095831457553,-0.024111161840493743
1756018817.5336208,-0.012172792254758827,-0.07291948140817588,0.22111747776543672,-0.6833117874432855,0.7292559199289691,0.026217651635709535,-0.02415448472487131
1756018817.5669758,-0.010664716607607608,-0.07132659949540361,0.22113228175027097,-0.6832649661647484,0.7292988367458609,0.02622876946981353,-0.02417114778240091
1756018817.6003282,-0.009115645627859048,-0.0695757458390672,0.22112626337765276,-0.6833454270605228,0.7292197100870423,0.026245892202954726,-0.024265095889212426
1756018817.6336355,-0.007683210790389562,-0.06785792899458512,0.22119072153935243,-0.6834052687332577,0.729165479046593,0.026139826145610442,-0.024323904362864534
1756018817.6669781,-0.006355365173030654,-0.06615360322160768,0.22130006973635738,-0.6832742155548697,0.729296876536481,0.025987638509361893,-0.0242292153549522
1756018817.700318,-0.004907014176788849,-0.06432398858509718,0.22128516637248102,-0.6834518580531704,0.7291281238006585,0.026010804164902302,-0.024272924695957536
1756018817.7336555,-0.003574450902565071,-0.06257801431767925,0.22123714635473232,-0.6833603954230755,0.7292141270673637,0.02607401016567765,-0.024196546168425027
1756018817.7669976,-0.002288124841199897,-0.0608619172757292,0.22138506749444284,-0.6833692385818252,0.7292039699048188,0.026015241293068772,-0.024315864278532846
1756018817.8003333,-0.0010875940082925306,-0.0590795821244156,0.22142585659781935,-0.6835000420639035,0.7290756850501041,0.026086361130879674,-0.024409828559674975
1756018817.833672,5.877299982158524e-05,-0.057426793615193754,0.22139803716295,-0.6834518840123425,0.729115368483282,0.02622265667192439,-0.024426910540102462
1756018817.8670142,0.0011719208901556852,-0.055767103192654946,0.22147989034818513,-0.6834077046285115,0.7291630394332091,0.02607949967538101,-0.024393254715083128
1756018817.9003608,0.002140462176869501,-0.05406959661851229,0.22149601068333666,-0.6833459290988655,0.7292207437097609,0.02605781037747931,-0.024422093393540435
1756018817.9337113,0.003238931989031267,-0.052386870180036654,0.22146731543690906,-0.6833460443449336,0.7292145965074527,0.026134031319136376,-0.02452077334864106
1756018817.9670398,0.004196577896799274,-0.05062582914791271,0.2214456490694795,-0.6834588531970186,0.7291062977822197,0.026161192409596825,-0.024568160953339236
1756018818.0003772,0.005135872204211314,-0.04895110218988226,0.2215791993300153,-0.6834237568200808,0.7291438380997143,0.026047986433424656,-0.024550649235993267
1756018818.0337203,0.006057270583284237,-0.04730032432456412,0.2215751459162375,-0.6834351200029036,0.7291358331579615,0.02599913943670658,-0.024523831271093414
1756018818.0670712,0.006879402271476313,-0.04576295603685219,0.22159191518723503,-0.6835910810483838,0.7289794851450709,0.026203831021310027,-0.024606978451975042
1756018818.1004121,0.00768608638548221,-0.04415116806704338,0.221705378764522,-0.6835413491334995,0.7290352962315462,0.02596054427922625,-0.024592905766978854
1756018818.1337528,0.00839895788499348,-0.04254203839329338,0.2215859120980719,-0.6835183248831052,0.7290538062162631,0.026039835232254,-0.02460028803998594
1756018818.1670961,0.009061104866160012,-0.041025599534057114,0.22154611971799248,-0.683481984615113,0.729090387870831,0.02599513084308465,-0.0245730786308613
1756018818.2004378,0.009724357976421419,-0.03949585191218749,0.2216033871170017,-0.6834768308849801,0.7290841727770109,0.02614796323076937,-0.02473812176314701
1756018818.23377,0.010339975418435676,-0.03795999581189409,0.22164723162581876,-0.683532781656344,0.7290350077578194,0.02603611516020769,-0.02475913108453827
1756018818.267118,0.010963717318128133,-0.03647403111984539,0.221601168561417,-0.6835770385183809,0.7289918539294,0.02607433577742599,-0.02476768719081976
1756018818.3004587,0.011559067987807307,-0.03497660572800985,0.22170589228196064,-0.6835167627532186,0.7290540278424724,0.02593094562434646,-0.024751678348242215
1756018818.333804,0.01214275668038281,-0.03350411147355737,0.22176592796785538,-0.6834901138385541,0.7290836867894865,0.02583201762168965,-0.024717378663666658
1756018818.3671489,0.012674865197057586,-0.03208277581502509,0.22163730003532875,-0.6835359841529531,0.7290327575931339,0.02599107408598827,-0.024784285183591662
1756018818.4004927,0.013125153707596239,-0.030692573598157483,0.22163539322341594,-0.6834806268358163,0.7290866234532823,0.025950695945322254,-0.024768722647013464
1756018818.4338338,0.013494979706606555,-0.029321073056065437,0.22172454643361078,-0.6836278413079001,0.7289570213206832,0.025749138285968164,-0.024730902399781925
1756018818.467176,0.013869800999759319,-0.027993641676161314,0.22163356247341662,-0.6836684478457844,0.7289127804997949,0.025908408067523366,-0.0247460347449931
1756018818.5005088,0.014255497311273617,-0.02667174011544946,0.2215997977160955,-0.6836592448890216,0.7289168375039562,0.025911896977134606,-0.024876785886646692
1756018818.5338504,0.014566745318846053,-0.025355411203859077,0.22168617041852404,-0.683632006316842,0.728946289583364,0.025837047664240366,-0.024840165254107663
1756018818.5671906,0.01491018885909641,-0.024083247275423113,0.22166492971438898,-0.683678069672838,0.7288922566821003,0.025971609129520064,-0.02501700854460075
1756018818.6005347,0.015296968084558694,-0.022840608817542754,0.22169954770496464,-0.6837219397447007,0.7288519639609383,0.02589423858145202,-0.025072138925779267
1756018818.6338782,0.015554733026691005,-0.021650621511986032,0.221717272063623,-0.6836393309949931,0.7289376000650016,0.025791727329396177,-0.024940471718873897
1756018818.667224,0.015944279158312626,-0.02049853348496378,0.2217435503121922,-0.6836280420288153,0.7289410864790705,0.025888983486670673,-0.0250470183572274
1756018818.7005684,0.016169034440476925,-0.019385613793894124,0.22167574940250187,-0.683698145861725,0.7288700485188513,0.02598946484033942,-0.02509672159226081
1756018818.7339115,0.01639012332735957,-0.018232210069505934,0.2217391356983681,-0.6838866451350589,0.7286959543220835,0.025868165386828394,-0.025141614507853786
1756018818.7672532,0.016542138707063753,-0.017250693080900027,0.22174623353942985,-0.683836297030592,0.7287509490995062,0.02584271460159295,-0.02494247686332483
1756018818.800585,0.01680137828690985,-0.0161944281665602,0.2217625755117084,-0.6838218055608861,0.7287649968913228,0.025697597504301735,-0.02507889606714954
1756018818.833926,0.01699283468355367,-0.015241262643098717,0.22178703093200483,-0.6837244549692525,0.728850783095977,0.025811224037142384,-0.025123422758140657
1756018818.8672557,0.017112403661718692,-0.014334343966505039,0.22174973321362668,-0.6837422654279224,0.7288333994136995,0.025799743492508374,-0.025154792829283325
1756018818.9006014,0.017286491428462086,-0.013422038264716838,0.22161391773300437,-0.6837656913930441,0.7287984778066445,0.026085885978231905,-0.025234590807880496
1756018818.9339278,0.017421091659765423,-0.012586230434814922,0.22173327994133318,-0.6837018015428892,0.728872104224933,0.025799813351573497,-0.025133083391223752
1756018818.967271,0.017518344594705172,-0.011723715462739183,0.22164684147080083,-0.6837162029821284,0.7288533405875767,0.025885839580207418,-0.02519692448015494
1756018819.0006127,0.017701979695637034,-0.011011603921553158,0.22174122260364865,-0.6836356792750136,0.7289359664264757,0.025731164168968403,-0.02514999130417577
1756018819.0339532,0.017744291086472262,-0.010194002045678574,0.22166915847502794,-0.6836205335484374,0.7289498467768978,0.02571070051881996,-0.025180287403414374
1756018819.067298,0.017923653600257168,-0.009481906711761454,0.22173383942395067,-0.6835527901436347,0.7290174076412487,0.0256242697600464,-0.02515152564259566
1756018819.100642,0.01798375908775479,-0.008805389934101343,0.22166440539186036,-0.6835415227002222,0.7290175674880074,0.025791813421791477,-0.02528152287631653
1756018819.1339688,0.01803185237019192,-0.008164584132922242,0.22169099491514863,-0.6835566841456174,0.7290103252629306,0.025667037343499878,-0.025207308739569598
1756018819.1673121,0.0180922853510913,-0.007588749611910911,0.22166691523405913,-0.6835061093029449,0.7290586892566645,0.025683669650369757,-0.02516297435113721
1756018819.200659,0.018172175291972938,-0.006982431049239793,0.2216735965158701,-0.683567129736476,0.7289966993332317,0.025724923888713645,-0.02525905374334087
1756018819.2340014,0.018229460194574096,-0.006453772180274932,0.221681215336439,-0.6835774376576095,0.7289754401140075,0.02591219773288425,-0.025401819712340745
1756018819.2673333,0.018271272487523416,-0.005957951379096713,0.2216723002743478,-0.6836445668665515,0.7289102379352808,0.0259337522719569,-0.025444286590006946
1756018819.3006806,0.018286043549247948,-0.005525306676169104,0.22169716387741073,-0.6835849510983996,0.7289749141728583,0.025844293362427394,-0.025283623930707193
1756018819.3340256,0.01833759439998813,-0.005117545278904951,0.22171799570048026,-0.683536209646976,0.7290209345056845,0.025826678762009447,-0.02529248540629397
1756018819.3673682,0.01842315975423789,-0.004765594880630495,0.22172198467584783,-0.6835286362610037,0.7290252546242407,0.025897955840581015,-0.025299751273736362
1756018819.4007115,0.018468123365729575,-0.004461286699921825,0.22177175611864441,-0.6834976836874216,0.7290586032751177,0.025861939605046423,-0.025211693007977407
1756018819.434056,0.01848769491453136,-0.00417617122872773,0.2217967044930185,-0.6834483743467337,0.7291078161977167,0.025812215876381484,-0.025176208486478394
1756018819.4673977,0.01851236761470456,-0.003970362253641398,0.2218244055517434,-0.6834056809044637,0.7291502241775409,0.025805680456367348,-0.02511359682586211
1756018819.500745,0.018472981401862827,-0.0037586141929641936,0.22178182331175028,-0.6834192092706693,0.7291364203847757,0.02588177677697724,-0.025067877835901534
1756018819.5340853,0.018494550533543527,-0.003588089403065081,0.2218142237821749,-0.6834281325997784,0.7291296877043678,0.025839571879260864,-0.02506397024430131
1756018819.5674298,0.01847892703160854,-0.0034889795928316402,0.22181786068679518,-0.6833620701579545,0.7291904908422104,0.02587861081052744,-0.02505606986836159
1756018819.60077,0.018504620605755195,-0.0033953056904112958,0.22184028815997786,-0.6833774719249351,0.7291801222287364,0.025826870712262646,-0.02499105762430877
1756018819.6341152,0.018482560620985994,-0.003364102799644082,0.22181256764149124,-0.683351498466191,0.7292019611096626,0.025912640604373934,-0.02497527807136151
1756018819.6674585,0.01849759815304456,-0.0033261680726328277,0.2218456206281027,-0.6833335922161307,0.729221171369213,0.025855766565288617,-0.024963259226971252
1756018819.7008028,0.018480103397859833,-0.0033343853241348505,0.22185019320788485,-0.6833279574934084,0.7292257329354053,0.02589056587712547,-0.02494817691275254
1756018819.7341475,0.018490777979061797,-0.0033318418854209903,0.22187046462659246,-0.6833159181841933,0.7292392529392444,0.025857467291959167,-0.024917048660520715
1756018819.767492,0.018482070824897737,-0.0033386134831649393,0.2218783503115631,-0.6833024354806303,0.7292503961199374,0.025899783955334557,-0.024916713591899464
1756018819.8008392,0.018424992769608795,-0.0035598005023359395,0.22190835911582274,-0.6833351586687483,0.7292190260780621,0.02613497412664017,-0.024690809227707822
1756018819.834182,0.018422326632058172,-0.0035292709628028454,0.22190815793315552,-0.6833180649981745,0.7292363993322438,0.026102145781462555,-0.024685500231885118
1756018819.8675258,0.018420099362895716,-0.0035230640783312124,0.22192105513654267,-0.6832694672793921,0.7292815110157136,0.026103873684649507,-0.02469616474332585
1756018819.9008691,0.01842908293262468,-0.003490007775821942,0.22192859679402202,-0.683264442733503,0.7292861206305425,0.02608569307776447,-0.024718255771438397
1756018819.9342117,0.018429732331726595,-0.003469152209981616,0.22192544962208227,-0.6832507529926272,0.7292981765525111,0.02608777462962317,-0.02473875961046562
1756018819.9675546,0.018433104939634744,-0.0034492756332896862,0.2219369853545702,-0.6832169460225541,0.7293313341983652,0.026041310851208258,-0.024743883147108275
1756018820.0008974,0.018438045927452906,-0.0034366002592876154,0.22194312800419433,-0.6831978472359349,0.7293494663568613,0.02602783207639482,-0.024750947750518244
1756018820.0342393,0.01844550218487285,-0.0034227729247102634,0.22194251796510867,-0.6831991182725008,0.7293471563161529,0.026032389613858203,-0.024779125412548397
1756018820.0675821,0.018450075416334435,-0.003413843249270881,0.22195102469110448,-0.6831900302890824,0.7293562109155259,0.02601545534889028,-0.024780964378714573
1756018820.100925,0.01845303262819188,-0.003409883582469941,0.22195324308612346,-0.6831801229671719,0.729366431603312,0.02600487931501828,-0.024764375312579717
1756018820.134268,0.018445128531744327,-0.0034105178200116108,0.22195975525663608,-0.683150643102993,0.7293952355005888,0.025987932463068297,-0.02474705282053931
1756018820.1676106,0.018445724016047556,-0.0033999981727121428,0.22196511624336168,-0.6831514412711392,0.7293940415374529,0.025984868029532895,-0.02476342246769528
1756018820.200953,0.018442270005860496,-0.0033962259279732288,0.22197475906735753,-0.683163077153657,0.7293842311796244,0.02597257880951939,-0.02474426136376116
1756018820.2342956,0.01844947609882549,-0.0033951703577388024,0.22198377871549693,-0.6831483345571238,0.7293981519708048,0.025976788993390502,-0.02473651808552951
1756018820.267639,0.01846133368896919,-0.0033978684681761403,0.22199074297147145,-0.6830927966408259,0.7294491813567563,0.025985395624354285,-0.02475645793765957
1756018820.3009815,0.018464106978299144,-0.003401841089401571,0.22199869127106336,-0.6830928301606861,0.729448789637631,0.026001634059846682,-0.024750024353059563
1756018820.3343241,0.018466823435801416,-0.0033972851271785584,0.22200461580695377,-0.6830706181408923,0.7294698050252181,0.02598765266971144,-0.02475835410135836
1756018820.3676667,0.01846918958290083,-0.0033947212541532512,0.22201248638103951,-0.6830474326830916,0.7294920487222128,0.025975089625724156,-0.0247558129545727
1756018820.4010098,0.01847589230375042,-0.0033917482639638473,0.22201475449364913,-0.683045648550217,0.7294940015644443,0.025969658171926577,-0.02475319237070648
1756018820.4343526,0.018469637960956672,-0.0033773502403712952,0.22201722688001613,-0.6830395363430533,0.7295005439480573,0.02594544579016946,-0.024754434239232518
1756018820.467694,0.01846004066333988,-0.003369503802791633,0.22202111522913384,-0.683048596046883,0.7294933491883996,0.025924185168971724,-0.024738745958483785
1756018820.5010371,0.018464098142641987,-0.0033640339936127474,0.22202330000327403,-0.6830298874249302,0.7295108293976058,0.02591244338552034,-0.024752130286033732
1756018820.53438,0.018461973179707415,-0.003363362525513755,0.22202872433979093,-0.6830137404429186,0.7295267280021303,0.02590971234658477,-0.024731969246235757
1756018820.5677228,0.018464030881745426,-0.003353275100416625,0.22203206628713307,-0.6830207078769425,0.7295199024195514,0.025910132456615866,-0.02474044504711213
1756018820.6010656,0.01846952439818377,-0.0033507540680294927,0.22203891115964072,-0.6830204041272767,0.7295196697141797,0.025917106350052215,-0.024748386702288426
1756018820.6344085,0.0184750763577127,-0.0033514716120952013,0.22204981647542654,-0.6830110682644093,0.7295286587869101,0.025918833077480052,-0.02473925481464872
1756018820.6677513,0.01847213067361861,-0.003351631285222629,0.2220593141621943,-0.6829890375203449,0.7295504220752151,0.025904512284630043,-0.02472069012394174
1756018820.7010944,0.018470625128027218,-0.0033543548007601708,0.22206541154059145,-0.6829706738948195,0.7295673462045571,0.02591779605843914,-0.02471464746197022
1756018820.7344368,0.01846317724742945,-0.0033555505836660067,0.22207131608185482,-0.6829727418296284,0.7295666449186008,0.025902467289991796,-0.02469426508781414
1756018820.7677796,0.01845633058808019,-0.0033583438257082316,0.2220761443538894,-0.6829580502183755,0.7295821521877887,0.025877815319560654,-0.024668269603604295
1756018820.8011224,0.018455895588196318,-0.003353607113528558,0.22207579007562606,-0.6829537940109677,0.7295861731374248,0.025877374571569942,-0.024667644759784505
1756018820.8344655,0.018457865382710444,-0.003355804215758139,0.22207927747831144,-0.6829501999621826,0.7295890576893085,0.02588953736542852,-0.02466907226966409
1756018820.867808,0.01845194347117448,-0.0033586505459818746,0.22208406236698935,-0.6829580701503519,0.7295829619027887,0.025877959908443462,-0.02464360583676578
1756018820.9011514,0.01845715508078754,-0.0033572125060940335,0.2220904286078475,-0.682942289886745,0.7295975708167858,0.02587243583934457,-0.024654216804300567
1756018820.9344938,0.018471312479537233,-0.0033548191141750455,0.2220931978354427,-0.6829167612055278,0.7296199971350658,0.02589346927485031,-0.024675601190060598
1756018820.9678369,0.018471891017924402,-0.0033552118530393053,0.22209881853371694,-0.6829260016889915,0.7296119944659513,0.025888733555511453,-0.02466145217533305
1756018821.0011802,0.018471493815994992,-0.0033584519157211874,0.22210309764760408,-0.6829362433711886,0.7296024359219698,0.025894090098740434,-0.024655001211413136
1756018821.0345232,0.018479624130475616,-0.0033636360464681706,0.22211224206754862,-0.6829064618880989,0.7296300785468326,0.025895829762690566,-0.024660064722609995
1756018821.0678666,0.01848416440795564,-0.0033623752867144793,0.22212076838115097,-0.682883368256428,0.7296518195151029,0.025888915534748456,-0.024663570088086763
1756018821.1012096,0.01848383997142533,-0.0033600393481886303,0.22212382926435117,-0.682876014310589,0.7296583152490493,0.025895278720799594,-0.024668332071208374
1756018821.1345525,0.018482371268599217,-0.003357793370769229,0.22212501391541373,-0.682865116574967,0.7296688159923025,0.025885693143030096,-0.024669463390054082
1756018821.167896,0.018486376499439336,-0.0033551786603275204,0.22212678016293236,-0.6828436386300458,0.7296893121825475,0.02587735238361194,-0.024666485413497818
1756018821.2012389,0.018492016794720414,-0.0033568397985966974,0.22212449210385196,-0.682854165202895,0.7296788874651993,0.02589533851228224,-0.02466458383878737
1756018821.2345824,0.01849916559160259,-0.003366965034655357,0.2221239734046899,-0.6828431956800859,0.7296878895962101,0.025934109838733472,-0.024661221318291352
1756018821.2679253,0.018496465406962058,-0.00336761872606428,0.22212703640773257,-0.682836194424995,0.7296955350969186,0.025913470994201788,-0.0246505509846098
1756018821.3012686,0.018494850884279844,-0.0033591123846856454,0.22213156940957382,-0.6828337594648025,0.7296988787509285,0.025887251541243245,-0.024646571616397706
1756018821.3346117,0.01849647579549505,-0.0033564550347694047,0.2221344998204891,-0.6828325390708362,0.7296996296129937,0.025892633678009758,-0.024652497844058156
1756018821.367954,0.018501011504214758,-0.003348419756145189,0.22213250668378134,-0.6828181582952297,0.7297121398335485,0.025895560020070166,-0.02467743206051073
1756018821.4012969,0.018506596659687576,-0.003350203997838698,0.2221340280549171,-0.6828255860083998,0.7297049265059333,0.025906336747076073,-0.02467389392865937
1756018821.43464,0.01851151115495874,-0.003349252674813412,0.2221387323838643,-0.6828161254544661,0.7297140383961858,0.025897252057103807,-0.024675763874124505
1756018821.4679832,0.018514767603464745,-0.003352629548767183,0.22214449185845447,-0.6827845677694783,0.7297435896988075,0.02590531036718256,-0.024666621254746158
1756018821.5013268,0.018523699489981435,-0.003349476142587862,0.22214492297584007,-0.6827820909815374,0.7297444929833735,0.025921474146622724,-0.024691463573163888
1756018821.5346699,0.01852627591064618,-0.0033499617292165862,0.2221470645375227,-0.6827647541138273,0.7297606254042976,0.025925380770565627,-0.024689973295128818
1756018821.5680127,0.018530171981198856,-0.003354130726463322,0.2221510177009687,-0.6827581768397123,0.7297671917657846,0.025921602033237217,-0.024681740798063574
1756018821.601356,0.018528633929262885,-0.003355062921294229,0.22215355057541453,-0.682757658905602,0.7297679642122747,0.02592298377863642,-0.02467177592363647
1756018821.6346993,0.018531089457582375,-0.0033557917627489056,0.22215677255261773,-0.6827626598745041,0.7297624612675185,0.025934578740276996,-0.02468396304141434
1756018821.6680427,0.01853316971489253,-0.003344167342473995,0.2221577698218137,-0.6827673865621351,0.7297577892218665,0.02592226264784331,-0.024704275264453478
1756018821.7013853,0.018538569869382786,-0.003341996195724217,0.22216256052982103,-0.6827529910409111,0.7297717127677292,0.025918842826095523,-0.024694413443139517
1756018821.7347288,0.018529448360322692,-0.003342971975518558,0.22216772623835976,-0.6827494482880392,0.7297767167704909,0.025897388220151755,-0.024666978036137707
1756018821.7680724,0.018524023131506605,-0.003340700155236992,0.22216650264101473,-0.6827697363709172,0.729757908020747,0.02589534075416601,-0.024664024497166703
1756018821.8014147,0.01852040112993359,-0.0033361991909068773,0.22216324088357262,-0.6827689375503343,0.7297592458417202,0.02588121965594319,-0.024661376564013234
1756018821.8347573,0.018516180721410577,-0.0033320302900430995,0.22216405977544137,-0.6827579930747636,0.7297706724200334,0.02586182065811791,-0.024646598150264987
1756018821.8681011,0.01851581284115559,-0.0033407997821352092,0.22217100225332317,-0.6827374676171647,0.7297897273162289,0.02587841862230628,-0.024633547552352347
1756018821.901445,0.018515717642374217,-0.0033391082466407047,0.22217311629815228,-0.6827427479726903,0.729784266257463,0.025886679177222878,-0.0246403054959026
