0.000000000,0.22,-0.30000000000000004,0.4,1.0,0.0,0.0,6.123233995736766e-17
0.500000000,0.22,-0.4,0.4,1.0,0.0,0.0,6.123233995736766e-17
1.000000000,0.12,-0.4,0.4,1.0,0.0,0.0,6.123233995736766e-17
1.500000000,0.12,-0.4,0.4,1.0,0.0,0.0,6.123233995736766e-17
1.511111111,0.11999999997802041,-0.3999977032410967,0.4,1.0,0.0,0.0,6.123233995736766e-17
1.522222222,0.1199999996483287,-0.3999908129923804,0.4,1.0,0.0,0.0,6.123233995736766e-17
1.533333333,0.11999999821968219,-0.3999793293378824,0.4,1.0,0.0,0.0,6.123233995736766e-17
1.544444444,0.11999999437339655,-0.3999632524178218,0.4,1.0,0.0,0.0,6.123233995736766e-17
1.555555555,0.1199999862634264,-0.39994258242885644,0.4,1.0,0.0,0.0,6.123233995736766e-17
1.566666666,0.11999997151647786,-0.39991731962443344,0.4,1.0,0.0,0.0,6.123233995736766e-17
1.577777777,0.11999994723215363,-0.3998874643152404,0.4,1.0,0.0,0.0,6.123233995736766e-17
1.588888888,0.11999990998313051,-0.39985301686975655,0.4,1.0,0.0,0.0,6.123233995736766e-17
1.600000000,0.1199998558153694,-0.39981397771490346,0.4,1.0,0.0,0.0,6.123233995736766e-17
1.611111111,0.11999978024835829,-0.39977034733679606,0.4,1.0,0.0,0.0,6.123233995736766e-17
1.622222222,0.11999967827538796,-0.3997221262815934,0.4,1.0,0.0,0.0,6.123233995736766e-17
1.633333333,0.11999954436386101,-0.3996693151564487,0.4,1.0,0.0,0.0,6.123233995736766e-17
1.644444444,0.11999937245563422,-0.39961191463055873,0.4,1.0,0.0,0.0,6.123233995736766e-17
1.655555555,0.1199991559673947,-0.39954992543631307,0.4,1.0,0.0,0.0,6.123233995736766e-17
1.666666666,0.11999888779106987,-0.39948334837054156,0.4,1.0,0.0,0.0,6.123233995736766e-17
1.677777777,0.11999856029427172,-0.39941218429586134,0.4,1.0,0.0,0.0,6.123233995736766e-17
1.688888888,0.11999816532077588,-0.3993364341421217,0.4,1.0,0.0,0.0,6.123233995736766e-17
1.700000000,0.11999769419103537,-0.3992560989079481,0.4,1.0,0.0,0.0,6.123233995736766e-17
1.711111111,0.11999713770273002,-0.39917117966238336,0.4,1.0,0.0,0.0,6.123233995736766e-17
1.722222222,0.11999648613135148,-0.39908167754662743,0.4,1.0,0.0,0.0,6.123233995736766e-17
1.733333333,0.11999572923082451,-0.39898759377587395,0.4,1.0,0.0,0.0,6.123233995736766e-17
1.744444444,0.11999485623416487,-0.39888892964124445,0.4,1.0,0.0,0.0,6.123233995736766e-17
1.755555555,0.11999385585417455,-0.39878568651181906,0.4,1.0,0.0,0.0,6.123233995736766e-17
1.766666666,0.11999271628417453,-0.39867786583676357,0.4,1.0,0.0,0.0,6.123233995736766e-17
1.777777777,0.11999142519877568,-0.3985654691475529,0.4,1.0,0.0,0.0,6.123233995736766e-17
1.788888888,0.11998996975468855,-0.3984484980602899,0.4,1.0,0.0,0.0,6.123233995736766e-17
1.800000000,0.1199883365915725,-0.39832695427811937,0.4,1.0,0.0,0.0,6.123233995736766e-17
1.811111111,0.11998651183292451,-0.3982008395937369,0.4,1.0,0.0,0.0,6.123233995736766e-17
1.822222222,0.11998448108700886,-0.3980701558919925,0.4,1.0,0.0,0.0,6.123233995736766e-17
1.833333333,0.11998222944782776,-0.39793490515258695,0.4,1.0,0.0,0.0,6.123233995736766e-17
1.844444444,0.11997974149613394,-0.39779508945286307,0.4,1.0,0.0,0.0,6.123233995736766e-17
1.855555555,0.11997700130048572,-0.3976507109706881,0.4,1.0,0.0,0.0,6.123233995736766e-17
1.866666666,0.11997399241834544,-0.39750177198743,0.4,1.0,0.0,0.0,6.123233995736766e-17
1.877777777,0.11997069789722165,-0.39734827489102403,0.4,1.0,0.0,0.0,6.123233995736766e-17
1.888888888,0.11996710027585628,-0.39719022217913197,0.4,1.0,0.0,0.0,6.123233995736766e-17
1.899999999,0.11996318158545707,-0.39702761646239043,0.4,1.0,0.0,0.0,6.123233995736766e-17
1.911111111,0.11995892335097644,-0.3968604604677501,0.4,1.0,0.0,0.0,6.123233995736766e-17
1.922222222,0.11995430659243736,-0.39668875704190415,0.4,1.0,0.0,0.0,6.123233995736766e-17
1.933333333,0.11994931182630719,-0.39651250915480474,0.4,1.0,0.0,0.0,6.123233995736766e-17
1.944444444,0.11994391906692027,-0.3963317199032682,0.4,1.0,0.0,0.0,6.123233995736766e-17
1.955555555,0.11993810782795009,-0.396146392514667,0.4,1.0,0.0,0.0,6.123233995736766e-17
1.966666666,0.11993185712393206,-0.3959565303507083,0.4,1.0,0.0,0.0,6.123233995736766e-17
1.977777777,0.11992514547183765,-0.3957621369112987,0.4,1.0,0.0,0.0,6.123233995736766e-17
1.988888888,0.1199179508927008,-0.3955632158384932,0.4,1.0,0.0,0.0,6.123233995736766e-17
2.000000000,0.11991025091329778,-0.3953597709205292,0.4,1.0,0.0,0.0,6.123233995736766e-17
2.011111111,0.11990202256788109,-0.3951518060959432,0.4,1.0,0.0,0.0,6.123233995736766e-17
2.022222222,0.11989324239996862,-0.3949393254577708,0.4,1.0,0.0,0.0,6.123233995736766e-17
2.033333333,0.11988388646418904,-0.39472233325782774,0.4,1.0,0.0,0.0,6.123233995736766e-17
2.044444444,0.11987393032818429,-0.394500833911072,0.4,1.0,0.0,0.0,6.123233995736766e-17
2.055555555,0.11986334907457033,-0.39427483200004587,0.4,1.0,0.0,0.0,6.123233995736766e-17
2.066666666,0.11985211730295701,-0.3940443322793971,0.4,1.0,0.0,0.0,6.123233995736766e-17
2.077777777,0.11984020913202834,-0.39380933968047754,0.4,1.0,0.0,0.0,6.123233995736766e-17
2.088888888,0.11982759820168397,-0.39356985931601945,0.4,1.0,0.0,0.0,6.123233995736766e-17
2.100000000,0.11981425767524315,-0.39332589648488747,0.4,1.0,0.0,0.0,6.123233995736766e-17
2.111111111,0.11980016024171204,-0.3930774566769057,0.4,1.0,0.0,0.0,6.123233995736766e-17
2.122222222,0.11978527811811573,-0.39282454557775875,0.4,1.0,0.0,0.0,6.123233995736766e-17
2.133333333,0.11976958305189588,-0.39256716907396544,0.4,1.0,0.0,0.0,6.123233995736766e-17
2.144444444,0.119753046323375,-0.3923053332579246,0.4,1.0,0.0,0.0,6.123233995736766e-17
2.155555555,0.11973563874828892,-0.3920390444330311,0.4,1.0,0.0,0.0,6.123233995736766e-17
2.166666666,0.11971733068038806,-0.39176830911886185,0.4,1.0,0.0,0.0,6.123233995736766e-17
2.177777777,0.11969809201410904,-0.39149313405642927,0.4,1.0,0.0,0.0,6.123233995736766e-17
2.188888888,0.11967789218731753,-0.3912135262135029,0.4,1.0,0.0,0.0,6.123233995736766e-17
2.200000000,0.11965670018412368,-0.39092949278999595,0.4,1.0,0.0,0.0,6.123233995736766e-17
2.211111111,0.1196344845377712,-0.39064104122341675,0.4,1.0,0.0,0.0,6.123233995736766e-17
2.222222222,0.11961121333360124,-0.3903481791943835,0.4,1.0,0.0,0.0,6.123233995736766e-17
2.233333333,0.11958685421209242,-0.39005091463220104,0.4,1.0,0.0,0.0,6.123233995736766e-17
2.244444444,0.11956137437197789,-0.3897492557204979,0.4,1.0,0.0,0.0,6.123233995736766e-17
2.255555555,0.11953474057344096,-0.38944321090292294,0.4,1.0,0.0,0.0,6.123233995736766e-17
2.266666666,0.11950691914139022,-0.38913278888889985,0.4,1.0,0.0,0.0,6.123233995736766e-17
2.277777777,0.1194778759688155,-0.3888179986594376,0.4,1.0,0.0,0.0,6.123233995736766e-17
2.288888888,0.11944757652022582,-0.3884988494729964,0.4,1.0,0.0,0.0,6.123233995736766e-17
2.299999999,0.11941598583517053,-0.38817535087140653,0.4,1.0,0.0,0.0,6.123233995736766e-17
2.311111111,0.1193830685318449,-0.38784751268583983,0.4,1.0,0.0,0.0,6.123233995736766e-17
2.322222222,0.11934878881078112,-0.387515345042831,0.4,1.0,0.0,0.0,6.123233995736766e-17
2.333333333,0.11931311045862647,-0.3871788583703479,0.4,1.0,0.0,0.0,6.123233995736766e-17
2.344444444,0.11927599685200908,-0.386838063403909,0.4,1.0,0.0,0.0,6.123233995736766e-17
2.355555555,0.11923741096149328,-0.3864929711927471,0.4,1.0,0.0,0.0,6.123233995736766e-17
2.366666666,0.1191973153556251,-0.3861435931060155,0.4,1.0,0.0,0.0,6.123233995736766e-17
2.377777777,0.11915567220506945,-0.38578994083903806,0.4,1.0,0.0,0.0,6.123233995736766e-17
2.388888888,0.11911244328684022,-0.3854320264195987,0.4,1.0,0.0,0.0,6.123233995736766e-17
2.399999999,0.11906758998862418,-0.3850698622142701,0.4,1.0,0.0,0.0,6.123233995736766e-17
2.411111111,0.1190210733132002,-0.3847034609347795,0.4,1.0,0.0,0.0,6.123233995736766e-17
2.422222222,0.11897285388295473,-0.38433283564440895,0.4,1.0,0.0,0.0,6.123233995736766e-17
2.433333333,0.11892289194449475,-0.3839579997644301,0.4,1.0,0.0,0.0,6.123233995736766e-17
2.444444444,0.1188711473733596,-0.38357896708056943,0.4,1.0,0.0,0.0,6.123233995736766e-17
2.455555555,0.11881757967883236,-0.3831957517495034,0.4,1.0,0.0,0.0,6.123233995736766e-17
2.466666666,0.11876214800885249,-0.38280836830538134,0.4,1.0,0.0,0.0,6.123233995736766e-17
2.477777777,0.11870481115503016,-0.38241683166637414,0.4,1.0,0.0,0.0,6.123233995736766e-17
2.488888888,0.1186455275577644,-0.38202115714124607,0.4,1.0,0.0,0.0,6.123233995736766e-17
2.500000000,0.11858425531146491,-0.3816213604359489,0.4,1.0,0.0,0.0,6.123233995736766e-17
2.511111111,0.11852095216987985,-0.38121745766023535,0.4,1.0,0.0,0.0,6.123233995736766e-17
2.522222222,0.11845557555152976,-0.3808094653342898,0.4,1.0,0.0,0.0,6.123233995736766e-17
2.533333333,0.11838808254524927,-0.38039740039537495,0.4,1.0,0.0,0.0,6.123233995736766e-17
2.544444444,0.11831842991583735,-0.37998128020449157,0.4,1.0,0.0,0.0,6.123233995736766e-17
2.555555555,0.11824657410981727,-0.37956112255304886,0.4,1.0,0.0,0.0,6.123233995736766e-17
2.566666666,0.11817247126130713,-0.37913694566954453,0.4,1.0,0.0,0.0,6.123233995736766e-17
2.577777777,0.1180960771980022,-0.37870876822625094,0.4,1.0,0.0,0.0,6.123233995736766e-17
2.588888888,0.11801734744726984,-0.37827660934590573,0.4,1.0,0.0,0.0,6.123233995736766e-17
2.600000000,0.11793623724235804,-0.37784048860840475,0.4,1.0,0.0,0.0,6.123233995736766e-17
2.611111111,0.11785270152871856,-0.37740042605749446,0.4,1.0,0.0,0.0,6.123233995736766e-17
2.622222222,0.11776669497044552,-0.376956442207462,0.4,1.0,0.0,0.0,6.123233995736766e-17
2.633333333,0.11767817195683035,-0.37650855804982025,0.4,1.0,0.0,0.0,6.123233995736766e-17
2.644444444,0.11758708660903397,-0.3760567950599854,0.4,1.0,0.0,0.0,6.123233995736766e-17
2.655555555,0.11749339278687712,-0.37560117520394454,0.4,1.0,0.0,0.0,6.123233995736766e-17
2.666666666,0.11739704409574944,-0.3751417209449114,0.4,1.0,0.0,0.0,6.123233995736766e-17
2.677777777,0.11729799389363854,-0.3746784552499668,0.4,1.0,0.0,0.0,6.123233995736766e-17
2.688888888,0.11719619529827915,-0.3742114015966822,0.4,1.0,0.0,0.0,6.123233995736766e-17
2.700000000,0.11709160119442387,-0.37374058397972276,0.4,1.0,0.0,0.0,6.123233995736766e-17
2.711111111,0.11698416424123542,-0.3732660269174286,0.4,1.0,0.0,0.0,6.123233995736766e-17
2.722222222,0.11687383687980193,-0.37278775545837045,0.4,1.0,0.0,0.0,6.123233995736766e-17
2.733333333,0.11676057134077505,-0.37230579518787776,0.4,1.0,0.0,0.0,6.123233995736766e-17
2.744444444,0.11664431965213222,-0.3718201722345363,0.4,1.0,0.0,0.0,6.123233995736766e-17
2.755555555,0.11652503364706311,-0.3713309132766527,0.4,1.0,0.0,0.0,6.123233995736766e-17
2.766666666,0.11640266497198128,-0.3708380455486831,0.4,1.0,0.0,0.0,6.123233995736766e-17
2.777777777,0.1162771650946612,-0.37034159684762336,0.4,1.0,0.0,0.0,6.123233995736766e-17
2.788888888,0.11614848531250116,-0.36984159553935747,0.4,1.0,0.0,0.0,6.123233995736766e-17
2.799999999,0.1160165767609128,-0.3693380705649624,0.4,1.0,0.0,0.0,6.123233995736766e-17
2.811111111,0.11588139042183723,-0.3688310514469652,0.4,1.0,0.0,0.0,6.123233995736766e-17
2.822222222,0.11574287713238841,-0.36832056829555115,0.4,1.0,0.0,0.0,6.123233995736766e-17
2.833333333,0.11560098759362399,-0.36780665181471817,0.4,1.0,0.0,0.0,6.123233995736766e-17
2.844444444,0.11545567237944396,-0.3672893333083763,0.4,1.0,0.0,0.0,6.123233995736766e-17
2.855555555,0.11530688194561722,-0.3667686446863886,0.4,1.0,0.0,0.0,6.123233995736766e-17
2.866666666,0.11515456663893642,-0.3662446184705498,0.4,1.0,0.0,0.0,6.123233995736766e-17
2.877777777,0.11499867670650112,-0.3657172878005016,0.4,1.0,0.0,0.0,6.123233995736766e-17
2.888888888,0.11483916230512933,-0.36518668643957947,0.4,1.0,0.0,0.0,6.123233995736766e-17
2.900000000,0.11467597351089781,-0.3646528487805896,0.4,1.0,0.0,0.0,6.123233995736766e-17
2.911111111,0.11450906032881056,-0.36411580985151226,0.4,1.0,0.0,0.0,6.123233995736766e-17
2.922222222,0.11433837270259604,-0.36357560532112804,0.4,1.0,0.0,0.0,6.123233995736766e-17
2.933333333,0.11416386052463286,-0.36303227150456535,0.4,1.0,0.0,0.0,6.123233995736766e-17
2.944444444,0.11398547364600348,-0.36248584536876455,0.4,1.0,0.0,0.0,6.123233995736766e-17
2.955555555,0.1138031618866763,-0.36193636453785655,0.4,1.0,0.0,0.0,6.123233995736766e-17
2.966666666,0.11361687504581545,-0.3613838672984521,0.4,1.0,0.0,0.0,6.123233995736766e-17
2.977777777,0.11342656291221835,-0.3608283926048398,0.4,1.0,0.0,0.0,6.123233995736766e-17
2.988888888,0.11323217527488026,-0.3602699800840876,0.4,1.0,0.0,0.0,6.123233995736766e-17
3.000000000,0.11303366193368597,-0.35970867004104745,0.4,1.0,0.0,0.0,6.123233995736766e-17
3.011111111,0.11283097271022773,-0.3591445034632567,0.4,1.0,0.0,0.0,6.123233995736766e-17
3.022222222,0.11262405745874919,-0.35857752202573634,0.4,1.0,0.0,0.0,6.123233995736766e-17
3.033333333,0.11241286607721471,-0.35800776809568,0.4,1.0,0.0,0.0,6.123233995736766e-17
3.044444444,0.1121973485185033,-0.35743528473703245,0.4,1.0,0.0,0.0,6.123233995736766e-17
3.055555555,0.11197745480172686,-0.35686011571495335,0.4,1.0,0.0,0.0,6.123233995736766e-17
3.066666666,0.11175313502367155,-0.35628230550016354,0.4,1.0,0.0,0.0,6.123233995736766e-17
3.077777777,0.11152433937036194,-0.3557018992731704,0.4,1.0,0.0,0.0,6.123233995736766e-17
3.088888888,0.11129101812874655,-0.35511894292836893,0.4,1.0,0.0,0.0,6.123233995736766e-17
3.100000000,0.1110531216985047,-0.3545334830780155,0.4,1.0,0.0,0.0,6.123233995736766e-17
3.111111111,0.11081060060397266,-0.35394556705607105,0.4,1.0,0.0,0.0,6.123233995736766e-17
3.122222222,0.11056340550618898,-0.3533552429219101,0.4,1.0,0.0,0.0,6.123233995736766e-17
3.133333333,0.11031148721505724,-0.35276255946389284,0.4,1.0,0.0,0.0,6.123233995736766e-17
3.144444444,0.11005479670162567,-0.35216756620279666,0.4,1.0,0.0,0.0,6.123233995736766e-17
3.155555555,0.10979328511048184,-0.351570313395104,0.4,1.0,0.0,0.0,6.123233995736766e-17
3.166666666,0.10952690377226136,-0.35097085203614287,0.4,1.0,0.0,0.0,6.123233995736766e-17
3.177777777,0.1092556042162695,-0.3503692338630777,0.4,1.0,0.0,0.0,6.123233995736766e-17
3.188888888,0.10897933818321374,-0.3497655113577462,0.4,1.0,0.0,0.0,6.123233995736766e-17
3.200000000,0.10869805763804642,-0.3491597377493395,0.4,1.0,0.0,0.0,6.123233995736766e-17
3.211111111,0.10841171478291528,-0.34855196701692254,0.4,1.0,0.0,0.0,6.123233995736766e-17
3.222222222,0.10812026207022085,-0.3479422538917909,0.4,1.0,0.0,0.0,6.123233995736766e-17
3.233333333,0.10782365221577854,-0.3473306538596611,0.4,1.0,0.0,0.0,6.123233995736766e-17
3.244444444,0.10752183821208405,-0.34671722316269155,0.4,1.0,0.0,0.0,6.123233995736766e-17
3.255555555,0.10721477334167984,-0.34610201880132974,0.4,1.0,0.0,0.0,6.123233995736766e-17
3.266666666,0.1069024111906212,-0.3454850985359843,0.4,1.0,0.0,0.0,6.123233995736766e-17
3.277777777,0.1065847056620398,-0.34486652088851694,0.4,1.0,0.0,0.0,6.123233995736766e-17
3.288888888,0.1062616109898024,-0.34424634514355223,0.4,1.0,0.0,0.0,6.123233995736766e-17
3.299999999,0.10593308175226297,-0.3436246313496012,0.4,1.0,0.0,0.0,6.123233995736766e-17
3.311111111,0.10559907288610608,-0.3430014403199971,0.4,1.0,0.0,0.0,6.123233995736766e-17
3.322222222,0.10525953970027874,-0.3423768336336379,0.4,1.0,0.0,0.0,6.123233995736766e-17
3.333333333,0.10491443789000925,-0.3417508736355352,0.4,1.0,0.0,0.0,6.123233995736766e-17
3.344444444,0.10456372355090965,-0.3411236234371634,0.4,1.0,0.0,0.0,6.123233995736766e-17
3.355555555,0.10420735319316031,-0.3404951469166091,0.4,1.0,0.0,0.0,6.123233995736766e-17
3.366666666,0.10384528375577336,-0.33986550871851573,0.4,1.0,0.0,0.0,6.123233995736766e-17
3.377777777,0.10347747262093258,-0.3392347742538206,0.4,1.0,0.0,0.0,6.123233995736766e-17
3.388888888,0.10310387762840727,-0.33860300969928236,0.4,1.0,0.0,0.0,6.123233995736766e-17
3.400000000,0.10272445709003705,-0.337970281996795,0.4,1.0,0.0,0.0,6.123233995736766e-17
3.411111111,0.102339169804285,-0.33733665885248604,0.4,1.0,0.0,0.0,6.123233995736766e-17
3.422222222,0.10194797507085586,-0.3367022087355953,0.4,1.0,0.0,0.0,6.123233995736766e-17
3.433333333,0.10155083270537686,-0.33606700087713265,0.4,1.0,0.0,0.0,6.123233995736766e-17
3.444444444,0.10114770305413767,-0.3354311052683106,0.4,1.0,0.0,0.0,6.123233995736766e-17
3.455555555,0.1007385470088864,-0.33479459265874967,0.4,1.0,0.0,0.0,6.123233995736766e-17
3.466666666,0.10032332602167887,-0.33415753455445396,0.4,1.0,0.0,0.0,6.123233995736766e-17
3.477777777,0.09990200211977722,-0.3335200032155534,0.4,1.0,0.0,0.0,6.123233995736766e-17
3.488888888,0.09947453792059506,-0.3328820716538115,0.4,1.0,0.0,0.0,6.123233995736766e-17
3.500000000,0.0990408966466856,-0.33224381362989397,0.4,1.0,0.0,0.0,6.123233995736766e-17
3.511111111,0.098601042140769,-0.33160530365039775,0.4,1.0,0.0,0.0,6.123233995736766e-17
3.522222222,0.09815493888079592,-0.3309666169646365,0.4,1.0,0.0,0.0,6.123233995736766e-17
3.533333333,0.09770255199504299,-0.33032782956118045,0.4,1.0,0.0,0.0,6.123233995736766e-17
3.544444444,0.09724384727723713,-0.329689018164149,0.4,1.0,0.0,0.0,6.123233995736766e-17
3.555555555,0.09677879120170454,-0.32905026022925193,0.4,1.0,0.0,0.0,6.123233995736766e-17
3.566666666,0.09630735093854066,-0.3284116339395795,0.4,1.0,0.0,0.0,6.123233995736766e-17
3.577777777,0.09582949436879715,-0.32777321820113625,0.4,1.0,0.0,0.0,6.123233995736766e-17
3.588888888,0.09534519009968197,-0.32713509263811896,0.4,1.0,0.0,0.0,6.123233995736766e-17
3.600000000,0.09485440747976862,-0.32649733758793487,0.4,1.0,0.0,0.0,6.123233995736766e-17
3.611111111,0.09435711661420998,-0.32586003409595893,0.4,1.0,0.0,0.0,6.123233995736766e-17
3.622222222,0.09385328837995334,-0.32522326391002804,0.4,1.0,0.0,0.0,6.123233995736766e-17
3.633333333,0.09334289444095131,-0.32458710947466995,0.4,1.0,0.0,0.0,6.123233995736766e-17
3.644444444,0.09282590726336576,-0.3239516539250654,0.4,1.0,0.0,0.0,6.123233995736766e-17
3.655555555,0.0923023001307585,-0.32331698108074136,0.4,1.0,0.0,0.0,6.123233995736766e-17
3.666666666,0.09177204715926646,-0.32268317543899405,0.4,1.0,0.0,0.0,6.123233995736766e-17
3.677777777,0.09123512331275493,-0.32205032216803975,0.4,1.0,0.0,0.0,6.123233995736766e-17
3.688888888,0.09069150441794538,-0.32141850709989156,0.4,1.0,0.0,0.0,6.123233995736766e-17
3.700000000,0.09014116717951311,-0.32078781672296197,0.4,1.0,0.0,0.0,6.123233995736766e-17
3.711111111,0.08958408919514957,-0.32015833817438744,0.4,1.0,0.0,0.0,6.123233995736766e-17
3.722222222,0.08902024897058539,-0.31953015923207634,0.4,1.0,0.0,0.0,6.123233995736766e-17
3.733333333,0.08844962593456837,-0.3189033683064769,0.4,1.0,0.0,0.0,6.123233995736766e-17
3.744444444,0.08787220045379247,-0.31827805443206514,0.4,1.0,0.0,0.0,6.123233995736766e-17
3.755555555,0.08728795384777234,-0.3176543072585508,0.4,1.0,0.0,0.0,6.123233995736766e-17
3.766666666,0.08669686840365862,-0.31703221704180173,0.4,1.0,0.0,0.0,6.123233995736766e-17
3.777777777,0.08609892739098893,-0.31641187463448406,0.4,1.0,0.0,0.0,6.123233995736766e-17
3.788888888,0.08549411507636938,-0.31579337147641817,0.4,1.0,0.0,0.0,6.123233995736766e-17
3.800000000,0.08488241673808199,-0.31517679958465034,0.4,1.0,0.0,0.0,6.123233995736766e-17
3.811111111,0.08426381868061204,-0.314562251543238,0.4,1.0,0.0,0.0,6.123233995736766e-17
3.822222222,0.08363830824909076,-0.3139498204927493,0.4,1.0,0.0,0.0,6.123233995736766e-17
3.833333333,0.08300587384364805,-0.3133396001194757,0.4,1.0,0.0,0.0,6.123233995736766e-17
3.844444444,0.08236650493366943,-0.31273168464435785,0.4,1.0,0.0,0.0,6.123233995736766e-17
3.855555555,0.08172019207195262,-0.3121261688116242,0.4,1.0,0.0,0.0,6.123233995736766e-17
3.866666666,0.08106692690875755,-0.3115231478771416,0.4,1.0,0.0,0.0,6.123233995736766e-17
3.877777777,0.08040670220574529,-0.3109227175964792,0.4,1.0,0.0,0.0,6.123233995736766e-17
3.888888888,0.07973951184979956,-0.3103249742126847,0.4,1.0,0.0,0.0,6.123233995736766e-17
3.899999999,0.07906535086672582,-0.30973001444377246,0.4,1.0,0.0,0.0,6.123233995736766e-17
3.911111111,0.07838421543482228,-0.30913793546992585,0.4,1.0,0.0,0.0,6.123233995736766e-17
3.922222222,0.07769610289831748,-0.30854883492041196,0.4,1.0,0.0,0.0,6.123233995736766e-17
3.933333333,0.07700101178066812,-0.3079628108602104,0.4,1.0,0.0,0.0,6.123233995736766e-17
3.944444444,0.07629894179771295,-0.3073799617763564,0.4,1.0,0.0,0.0,6.123233995736766e-17
3.955555555,0.07558989387067501,-0.30680038656399866,0.4,1.0,0.0,0.0,6.123233995736766e-17
3.966666666,0.07487387013900883,-0.3062241845121737,0.4,1.0,0.0,0.0,6.123233995736766e-17
3.977777777,0.07415087397308497,-0.30565145528929627,0.4,1.0,0.0,0.0,6.123233995736766e-17
3.988888888,0.07342090998670743,-0.3050822989283674,0.4,1.0,0.0,0.0,6.123233995736766e-17
4.000000000,0.07268398404945763,-0.3045168158119023,0.4,1.0,0.0,0.0,6.123233995736766e-17
4.011111111,0.07194010329885926,-0.30395510665657727,0.4,1.0,0.0,0.0,6.123233995736766e-17
4.022222222,0.07118927615235864,-0.3033972724975986,0.4,1.0,0.0,0.0,6.123233995736766e-17
4.033333333,0.0704315123191141,-0.30284341467279496,0.4,1.0,0.0,0.0,6.123233995736766e-17
4.044444444,0.06966682281158937,-0.3022936348064334,0.4,1.0,0.0,0.0,6.123233995736766e-17
4.055555555,0.06889521995694459,-0.30174803479276247,0.4,1.0,0.0,0.0,6.123233995736766e-17
4.066666666,0.06811671740821973,-0.30120671677928335,0.4,1.0,0.0,0.0,6.123233995736766e-17
4.077777777,0.06733133015530393,-0.3006697831497512,0.4,1.0,0.0,0.0,6.123233995736766e-17
4.088888888,0.06653907453568568,-0.3001373365069083,0.4,1.0,0.0,0.0,6.123233995736766e-17
4.099999999,0.0657399682449775,-0.29960947965495277,0.4,1.0,0.0,0.0,6.123233995736766e-17
4.111111111,0.06493403034720979,-0.29908631558174265,0.4,1.0,0.0,0.0,6.123233995736766e-17
4.122222222,0.06412128128488766,-0.29856794744074083,0.4,1.0,0.0,0.0,6.123233995736766e-17
4.133333333,0.06330174288880541,-0.2980544785327008,0.4,1.0,0.0,0.0,6.123233995736766e-17
4.144444444,0.062475438387612436,-0.2975460122870972,0.4,1.0,0.0,0.0,6.123233995736766e-17
4.155555555,0.06164239241712555,-0.2970426522433047,0.4,1.0,0.0,0.0,6.123233995736766e-17
4.166666666,0.06080263102938098,-0.2965445020315259,0.4,1.0,0.0,0.0,6.123233995736766e-17
4.177777777,0.05995618170142141,-0.2960516653534741,0.4,1.0,0.0,0.0,6.123233995736766e-17
4.188888888,0.059103073343811784,-0.29556424596281217,0.4,1.0,0.0,0.0,6.123233995736766e-17
4.200000000,0.058243336308878284,-0.29508234764535146,0.4,1.0,0.0,0.0,6.123233995736766e-17
4.211111111,0.057377002398665264,-0.2946060741990149,0.4,1.0,0.0,0.0,6.123233995736766e-17
4.222222222,0.05650410487260395,-0.29413552941356685,0.4,1.0,0.0,0.0,6.123233995736766e-17
4.233333333,0.05562467845488795,-0.29367081705011405,0.4,1.0,0.0,0.0,6.123233995736766e-17
4.244444444,0.05473875934154996,-0.2932120408203815,0.4,1.0,0.0,0.0,6.123233995736766e-17
4.255555555,0.05384638520723387,-0.2927593043657671,0.4,1.0,0.0,0.0,6.123233995736766e-17
4.266666666,0.05294759521165713,-0.2923127112361793,0.4,1.0,0.0,0.0,6.123233995736766e-17
4.277777777,0.05204243000575797,-0.2918723648686619,0.4,1.0,0.0,0.0,6.123233995736766e-17
4.288888888,0.05113093173752251,-0.29143836856581046,0.4,1.0,0.0,0.0,6.123233995736766e-17
4.300000000,0.05021314405748569,-0.2910108254739849,0.4,1.0,0.0,0.0,6.123233995736766e-17
4.311111111,0.04928911212390162,-0.2905898385613226,0.4,1.0,0.0,0.0,6.123233995736766e-17
4.322222222,0.04835888260757743,-0.29017551059555735,0.4,1.0,0.0,0.0,6.123233995736766e-17
4.333333333,0.047422503696366886,-0.28976794412164825,0.4,1.0,0.0,0.0,6.123233995736766e-17
4.344444444,0.0464800250993169,-0.28936724143922443,0.4,1.0,0.0,0.0,6.123233995736766e-17
4.355555555,0.045531498050463394,-0.28897350457984977,0.4,1.0,0.0,0.0,6.123233995736766e-17
4.366666666,0.04457697531227118,-0.28858683528411394,0.4,1.0,0.0,0.0,6.123233995736766e-17
4.377777777,0.043616511178713166,-0.2882073349785542,0.4,1.0,0.0,0.0,6.123233995736766e-17
4.388888888,0.04265016147798354,-0.2878351047524141,0.4,1.0,0.0,0.0,6.123233995736766e-17
4.400000000,0.041677983574841475,-0.287470245334244,0.4,1.0,0.0,0.0,6.123233995736766e-17
4.411111111,0.04070003637257964,-0.2871128570683504,0.4,1.0,0.0,0.0,6.123233995736766e-17
4.422222222,0.03971638031461376,-0.28676303989109847,0.4,1.0,0.0,0.0,6.123233995736766e-17
4.433333333,0.038727077385688334,-0.28642089330707476,0.4,1.0,0.0,0.0,6.123233995736766e-17
4.444444444,0.037732191112694734,-0.2860865163651156,0.4,1.0,0.0,0.0,6.123233995736766e-17
4.455555555,0.0367317865650969,-0.2857600076342082,0.4,1.0,0.0,0.0,6.123233995736766e-17
4.466666666,0.03572593035496115,-0.28544146517926977,0.4,1.0,0.0,0.0,6.123233995736766e-17
4.477777777,0.034714690636585575,-0.2851309865368116,0.4,1.0,0.0,0.0,6.123233995736766e-17
4.488888888,0.03369813710572482,-0.284828668690495,0.4,1.0,0.0,0.0,6.123233995736766e-17
4.500000000,0.03267634099840818,-0.28453460804658504,0.4,1.0,0.0,0.0,6.123233995736766e-17
4.511111111,0.031649375089344796,-0.2842489004093095,0.4,1.0,0.0,0.0,6.123233995736766e-17
4.522222222,0.030617313689914015,-0.2839716409561292,0.4,1.0,0.0,0.0,6.123233995736766e-17
4.533333333,0.029580232645737607,-0.28370292421292775,0.4,1.0,0.0,0.0,6.123233995736766e-17
4.544444444,0.0285382093338292,-0.28344284402912645,0.4,1.0,0.0,0.0,6.123233995736766e-17
4.555555555,0.02749132265931874,-0.283191493552733,0.4,1.0,0.0,0.0,6.123233995736766e-17
4.566666666,0.02643965305174874,-0.2829489652053296,0.4,1.0,0.0,0.0,6.123233995736766e-17
4.577777777,0.025383282460938822,-0.2827153506570097,0.4,1.0,0.0,0.0,6.123233995736766e-17
4.588888888,0.024322294352416524,-0.2824907408012696,0.4,1.0,0.0,0.0,6.123233995736766e-17
4.599999999,0.023256773702410433,-0.28227522572986236,0.4,1.0,0.0,0.0,6.123233995736766e-17
4.611111111,0.0221868069924046,-0.2820688947076227,0.4,1.0,0.0,0.0,6.123233995736766e-17
4.622222222,0.021112482203250373,-0.28187183614726996,0.4,1.0,0.0,0.0,6.123233995736766e-17
4.633333333,0.02003388880883392,-0.2816841375841968,0.4,1.0,0.0,0.0,6.123233995736766e-17
4.644444444,0.018951117769297754,-0.28150588565125184,0.4,1.0,0.0,0.0,6.123233995736766e-17
4.655555555,0.017864261523813228,-0.28133716605352455,0.4,1.0,0.0,0.0,6.123233995736766e-17
4.666666666,0.016773413982902743,-0.2811780635431397,0.4,1.0,0.0,0.0,6.123233995736766e-17
4.677777777,0.015678670520309686,-0.2810286618940698,0.4,1.0,0.0,0.0,6.123233995736766e-17
4.688888888,0.014580127964414939,-0.2808890438769746,0.4,1.0,0.0,0.0,6.123233995736766e-17
4.700000000,0.01347788458919794,-0.28075929123407456,0.4,1.0,0.0,0.0,6.123233995736766e-17
4.711111111,0.012372040104740972,-0.28063948465406713,0.4,1.0,0.0,0.0,6.123233995736766e-17
4.722222222,0.011262695647276345,-0.2805297037470953,0.4,1.0,0.0,0.0,6.123233995736766e-17
4.733333333,0.010149953768774674,-0.28043002701977504,0.4,1.0,0.0,0.0,6.123233995736766e-17
4.744444444,0.009033918426073637,-0.28034053185029173,0.4,1.0,0.0,0.0,6.123233995736766e-17
4.755555555,0.007914694969547047,-0.2802612944635736,0.4,1.0,0.0,0.0,6.123233995736766e-17
4.766666666,0.006792390131313075,-0.28019238990655043,0.4,1.0,0.0,0.0,6.123233995736766e-17
4.777777777,0.005667112012981648,-0.28013389202350686,0.4,1.0,0.0,0.0,6.123233995736766e-17
4.788888888,0.004538970072940633,-0.2800858734315388,0.4,1.0,0.0,0.0,6.123233995736766e-17
4.800000000,0.0034080751131817743,-0.2800484054961215,0.4,1.0,0.0,0.0,6.123233995736766e-17
4.811111111,0.002274539265664727,-0.28002155830679853,0.4,1.0,0.0,0.0,6.123233995736766e-17
4.822222222,0.0011384759782214185,-0.28000540065300017,0.4,1.0,0.0,0.0,6.123233995736766e-17
4.833333333,6.063858597689163e-17,-0.28,0.4,1.0,0.0,0.0,6.123233995736766e-17
4.844444444,-0.0011407726335494717,-0.28000542246501914,0.4,1.0,0.0,0.0,6.123233995736766e-17
4.855555555,-0.002283724616149168,-0.28002173279348636,0.4,1.0,0.0,0.0,6.123233995736766e-17
4.866666666,-0.0034287373866234414,-0.28004899433546393,0.4,1.0,0.0,0.0,6.123233995736766e-17
4.877777777,-0.004575691145285767,-0.28008726902224707,0.4,1.0,0.0,0.0,6.123233995736766e-17
4.888888888,-0.005724464870779412,-0.2801366173431468,0.4,1.0,0.0,0.0,6.123233995736766e-17
4.900000000,-0.006874936337371956,-0.2801970983224652,0.4,1.0,0.0,0.0,6.123233995736766e-17
4.911111111,-0.008026982132699964,-0.28026876949667096,0.4,1.0,0.0,0.0,6.123233995736766e-17
4.922222222,-0.009180477675963973,-0.2803516868917864,0.4,1.0,0.0,0.0,6.123233995736766e-17
4.933333333,-0.010335297236569417,-0.2804459050009923,0.4,1.0,0.0,0.0,6.123233995736766e-17
4.944444444,-0.011491313953212868,-0.28055147676246184,0.4,1.0,0.0,0.0,6.123233995736766e-17
4.955555555,-0.012648399853410092,-0.2806684535374311,0.4,1.0,0.0,0.0,6.123233995736766e-17
4.966666666,-0.013806425873463857,-0.28079688508851564,0.4,1.0,0.0,0.0,6.123233995736766e-17
4.977777777,-0.014965261878867863,-0.28093681955828287,0.4,1.0,0.0,0.0,6.123233995736766e-17
4.988888888,-0.01612477668514423,-0.28108830344808705,0.4,1.0,0.0,0.0,6.123233995736766e-17
5.000000000,-0.017284838079111232,-0.28125138159717855,0.4,1.0,0.0,0.0,6.123233995736766e-17
5.011111111,-0.018445312840577332,-0.28142609716209377,0.4,1.0,0.0,0.0,6.123233995736766e-17
5.022222222,-0.019606066764458665,-0.2816124915963361,0.4,1.0,0.0,0.0,6.123233995736766e-17
5.033333333,-0.020766964683315292,-0.2818106046303564,0.4,1.0,0.0,0.0,6.123233995736766e-17
5.044444444,-0.021927870490302644,-0.282020474251841,0.4,1.0,0.0,0.0,6.123233995736766e-17
5.055555555,-0.02308864716253409,-0.2822421366863172,0.4,1.0,0.0,0.0,6.123233995736766e-17
5.066666666,-0.024249156784849346,-0.28247562637808366,0.4,1.0,0.0,0.0,6.123233995736766e-17
5.077777777,-0.025409260573985678,-0.2827209759714752,0.4,1.0,0.0,0.0,6.123233995736766e-17
5.088888888,-0.026568818903145455,-0.28297821629247033,0.4,1.0,0.0,0.0,6.123233995736766e-17
5.099999999,-0.02772769132695582,-0.2832473763306492,0.4,1.0,0.0,0.0,6.123233995736766e-17
5.111111111,-0.028885736606815933,-0.28352848322151186,0.4,1.0,0.0,0.0,6.123233995736766e-17
5.122222222,-0.03004281273662528,-0.28382156222916377,0.4,1.0,0.0,0.0,6.123233995736766e-17
5.133333333,-0.031198776968888134,-0.2841266367293778,0.4,1.0,0.0,0.0,6.123233995736766e-17
5.144444444,-0.03235348584118863,-0.2844437281930401,0.4,1.0,0.0,0.0,6.123233995736766e-17
5.155555555,-0.03350679520303019,-0.2847728561699884,0.4,1.0,0.0,0.0,6.123233995736766e-17
5.166666666,-0.034658560243033217,-0.285114038273251,0.4,1.0,0.0,0.0,6.123233995736766e-17
5.177777777,-0.03580863551648555,-0.28546729016369393,0.4,1.0,0.0,0.0,6.123233995736766e-17
5.188888888,-0.03695687497323769,-0.2858326255350835,0.4,1.0,0.0,0.0,6.123233995736766e-17
5.200000000,-0.03810313198593821,-0.2862100560995737,0.4,1.0,0.0,0.0,6.123233995736766e-17
5.211111111,-0.039247259378600484,-0.28659959157362414,0.4,1.0,0.0,0.0,6.123233995736766e-17
5.222222222,-0.040389109455496106,-0.2870012396643576,0.4,1.0,0.0,0.0,6.123233995736766e-17
5.233333333,-0.04152853403036524,-0.28741500605636294,0.4,1.0,0.0,0.0,6.123233995736766e-17
5.244444444,-0.04266538445593902,-0.28784089439895255,0.4,1.0,0.0,0.0,6.123233995736766e-17
5.255555555,-0.04379951165376454,-0.2882789062938796,0.4,1.0,0.0,0.0,6.123233995736766e-17
5.266666666,-0.04493076614432714,-0.28872904128352367,0.4,1.0,0.0,0.0,6.123233995736766e-17
5.277777777,-0.04605899807745883,-0.28919129683955036,0.4,1.0,0.0,0.0,6.123233995736766e-17
5.288888888,-0.04718405726302878,-0.28966566835205276,0.4,1.0,0.0,0.0,6.123233995736766e-17
5.300000000,-0.04830579320190475,-0.2901521491191803,0.4,1.0,0.0,0.0,6.123233995736766e-17
5.311111111,-0.0494240551171786,-0.2906507303372625,0.4,1.0,0.0,0.0,6.123233995736766e-17
5.322222222,-0.05053869198564701,-0.2911614010914331,0.4,1.0,0.0,0.0,6.123233995736766e-17
5.333333333,-0.05164955256953942,-0.2916841483467615,0.4,1.0,0.0,0.0,6.123233995736766e-17
5.344444444,-0.05275648544848356,-0.29221895693989625,0.4,1.0,0.0,0.0,6.123233995736766e-17
5.355555555,-0.05385933905170053,-0.29276580957122883,0.4,1.0,0.0,0.0,6.123233995736766e-17
5.366666666,-0.05495796169041956,-0.29332468679758017,0.4,1.0,0.0,0.0,6.123233995736766e-17
5.377777777,-0.0560522015905043,-0.29389556702541847,0.4,1.0,0.0,0.0,6.123233995736766e-17
5.388888888,-0.057141906925280844,-0.29447842650461215,0.4,1.0,0.0,0.0,6.123233995736766e-17
5.400000000,-0.05822692584855779,-0.29507323932272306,0.4,1.0,0.0,0.0,6.123233995736766e-17
5.411111111,-0.059307106527829126,-0.29567997739984564,0.4,1.0,0.0,0.0,6.123233995736766e-17
5.422222222,-0.06038229717765042,-0.2962986104839964,0.4,1.0,0.0,0.0,6.123233995736766e-17
5.433333333,-0.06145234609317809,-0.29692910614705886,0.4,1.0,0.0,0.0,6.123233995736766e-17
5.444444444,-0.06251710168386232,-0.29757142978128803,0.4,1.0,0.0,0.0,6.123233995736766e-17
5.455555555,-0.06357641250728295,-0.2982255445963783,0.4,1.0,0.0,0.0,6.123233995736766e-17
5.466666666,-0.06463012730311894,-0.2988914116171003,0.4,1.0,0.0,0.0,6.123233995736766e-17
5.477777777,-0.06567809502724029,-0.2995689896815093,0.4,1.0,0.0,0.0,6.123233995736766e-17
5.488888888,-0.06672016488591306,-0.3002582354397288,0.4,1.0,0.0,0.0,6.123233995736766e-17
5.500000000,-0.06775618637010604,-0.30095910335331444,0.4,1.0,0.0,0.0,6.123233995736766e-17
5.511111111,-0.06878600928988926,-0.3016715456951994,0.4,1.0,0.0,0.0,6.123233995736766e-17
5.522222222,-0.06980948380891326,-0.3023955125502261,0.4,1.0,0.0,0.0,6.123233995736766e-17
5.533333333,-0.07082646047895855,-0.3031309518162663,0.4,1.0,0.0,0.0,6.123233995736766e-17
5.544444444,-0.07183679027454416,-0.3038778092059323,0.4,1.0,0.0,0.0,6.123233995736766e-17
5.555555555,-0.07284032462758501,-0.30463602824888203,0.4,1.0,0.0,0.0,6.123233995736766e-17
5.566666666,-0.07383691546208623,-0.3054055502947201,0.4,1.0,0.0,0.0,6.123233995736766e-17
5.577777777,-0.0748264152288643,-0.30618631451649725,0.4,1.0,0.0,0.0,6.123233995736766e-17
5.588888888,-0.07580867694028304,-0.30697825791480904,0.4,1.0,0.0,0.0,6.123233995736766e-17
5.600000000,-0.0767835542049939,-0.30778131532249686,0.4,1.0,0.0,0.0,6.123233995736766e-17
5.611111111,-0.07775090126266923,-0.3085954194099516,0.4,1.0,0.0,0.0,6.123233995736766e-17
5.622222222,-0.07871057301871608,-0.3094205006910208,0.4,1.0,0.0,0.0,6.123233995736766e-17
5.633333333,-0.07966242507896187,-0.31025648752952234,0.4,1.0,0.0,0.0,6.123233995736766e-17
5.644444444,-0.08060631378429722,-0.31110330614636217,0.4,1.0,0.0,0.0,6.123233995736766e-17
5.655555555,-0.0815420962452672,-0.3119608806272599,0.4,1.0,0.0,0.0,6.123233995736766e-17
5.666666666,-0.08246963037659785,-0.31282913293108,0.4,1.0,0.0,0.0,6.123233995736766e-17
5.677777777,-0.0833887749316475,-0.31370798289876967,0.4,1.0,0.0,0.0,6.123233995736766e-17
5.688888888,-0.08429938953677073,-0.31459734826290353,0.4,1.0,0.0,0.0,6.123233995736766e-17
5.700000000,-0.08520133472558405,-0.3154971446578343,0.4,1.0,0.0,0.0,6.123233995736766e-17
5.711111111,-0.08609447197312083,-0.316407285630448,0.4,1.0,0.0,0.0,6.123233995736766e-17
5.722222222,-0.08697866372986508,-0.31732768265152445,0.4,1.0,0.0,0.0,6.123233995736766e-17
5.733333333,-0.08785377345565132,-0.3182582451277005,0.4,1.0,0.0,0.0,6.123233995736766e-17
5.744444444,-0.08871966565342035,-0.3191988804140357,0.4,1.0,0.0,0.0,6.123233995736766e-17
5.755555555,-0.08957620590281792,-0.3201494938271775,0.4,1.0,0.0,0.0,6.123233995736766e-17
5.766666666,-0.09042326089362578,-0.32110998865912566,0.4,1.0,0.0,0.0,6.123233995736766e-17
5.777777777,-0.09126069845901305,-0.32208026619159247,0.4,1.0,0.0,0.0,6.123233995736766e-17
5.788888888,-0.09208838760859701,-0.3230602257109576,0.4,1.0,0.0,0.0,6.123233995736766e-17
5.799999999,-0.09290619856130086,-0.3240497645238138,0.4,1.0,0.0,0.0,6.123233995736766e-17
5.811111111,-0.09371400277799799,-0.32504877797310183,0.4,1.0,0.0,0.0,6.123233995736766e-17
5.822222222,-0.09451167299393072,-0.32605715945483094,0.4,1.0,0.0,0.0,6.123233995736766e-17
5.833333333,-0.09529908325089254,-0.3270748004353814,0.4,1.0,0.0,0.0,6.123233995736766e-17
5.844444444,-0.09607610892916205,-0.3281015904693867,0.4,1.0,0.0,0.0,6.123233995736766e-17
5.855555555,-0.09684262677917799,-0.3291374172181903,0.4,1.0,0.0,0.0,6.123233995736766e-17
5.866666666,-0.0975985149529438,-0.33018216646887416,0.4,1.0,0.0,0.0,6.123233995736766e-17
5.877777777,-0.09834365303514997,-0.3312357221538535,0.4,1.0,0.0,0.0,6.123233995736766e-17
5.888888888,-0.0990779220740043,-0.33229796637103487,0.4,1.0,0.0,0.0,6.123233995736766e-17
5.900000000,-0.09980120461175837,-0.33336877940453186,0.4,1.0,0.0,0.0,6.123233995736766e-17
5.911111111,-0.10051338471491911,-0.3344480397459339,0.4,1.0,0.0,0.0,6.123233995736766e-17
5.922222222,-0.10121434800413534,-0.33553562411612303,0.4,1.0,0.0,0.0,6.123233995736766e-17
5.933333333,-0.10190398168374755,-0.33663140748763276,0.4,1.0,0.0,0.0,6.123233995736766e-17
5.944444444,-0.10258217457099128,-0.33773526310754487,0.4,1.0,0.0,0.0,6.123233995736766e-17
5.955555555,-0.10324881712484286,-0.33884706252091606,0.4,1.0,0.0,0.0,6.123233995736766e-17
5.966666666,-0.10390380147449726,-0.3399666755947311,0.4,1.0,0.0,0.0,6.123233995736766e-17
5.977777777,-0.10454702144746775,-0.3410939705423739,0.4,1.0,0.0,0.0,6.123233995736766e-17
5.988888888,-0.10517837259729708,-0.34222881394861154,0.4,1.0,0.0,0.0,6.123233995736766e-17
6.000000000,-0.10579775223087012,-0.3433710707950838,0.4,1.0,0.0,0.0,6.123233995736766e-17
6.011111111,-0.1064050594353179,-0.34452060448629185,0.4,1.0,0.0,0.0,6.123233995736766e-17
6.022222222,-0.10700019510450316,-0.34567727687607835,0.4,1.0,0.0,0.0,6.123233995736766e-17
6.033333333,-0.1075830619650779,-0.34684094829459233,0.4,1.0,0.0,0.0,6.123233995736766e-17
6.044444444,-0.10815356460210293,-0.34801147757573075,0.4,1.0,0.0,0.0,6.123233995736766e-17
6.055555555,-0.10871160948422062,-0.34918872208504975,0.4,1.0,0.0,0.0,6.123233995736766e-17
6.066666666,-0.10925710498837067,-0.3503725377481364,0.4,1.0,0.0,0.0,6.123233995736766e-17
6.077777777,-0.10978996142404078,-0.35156277907943484,0.4,1.0,0.0,0.0,6.123233995736766e-17
6.088888888,-0.110310091057042,-0.3527592992115157,0.4,1.0,0.0,0.0,6.123233995736766e-17
6.100000000,-0.11081740813280133,-0.3539619499247836,0.4,1.0,0.0,0.0,6.123233995736766e-17
6.111111111,-0.11131182889916169,-0.35517058167761095,0.4,1.0,0.0,0.0,6.123233995736766e-17
6.122222222,-0.11179327162868138,-0.3563850436368915,0.4,1.0,0.0,0.0,6.123233995736766e-17
6.133333333,-0.11226165664042483,-0.3576051837090033,0.4,1.0,0.0,0.0,6.123233995736766e-17
6.144444444,-0.1127169063212356,-0.3588308485711717,0.4,1.0,0.0,0.0,6.123233995736766e-17
6.155555555,-0.11315894514648517,-0.3600618837032246,0.4,1.0,0.0,0.0,6.123233995736766e-17
6.166666666,-0.11358769970028809,-0.36129813341972805,0.4,1.0,0.0,0.0,6.123233995736766e-17
6.177777777,-0.11400309869517711,-0.36253944090249446,0.4,1.0,0.0,0.0,6.123233995736766e-17
6.188888888,-0.11440507299123036,-0.3637856482334524,0.4,1.0,0.0,0.0,6.123233995736766e-17
6.200000000,-0.11479355561464344,-0.3650365964278682,0.4,1.0,0.0,0.0,6.123233995736766e-17
6.211111111,-0.11516848177573948,-0.3662921254679094,0.4,1.0,0.0,0.0,6.123233995736766e-17
6.222222222,-0.11552978888641025,-0.3675520743365392,0.4,1.0,0.0,0.0,6.123233995736766e-17
6.233333333,-0.11587741657698195,-0.36881628105173164,0.4,1.0,0.0,0.0,6.123233995736766e-17
6.244444444,-0.11621130671249912,-0.37008458270099753,0.4,1.0,0.0,0.0,6.123233995736766e-17
6.255555555,-0.11653140340842043,-0.3713568154762083,0.4,1.0,0.0,0.0,6.123233995736766e-17
6.266666666,-0.11683765304572069,-0.3726328147087101,0.4,1.0,0.0,0.0,6.123233995736766e-17
6.277777777,-0.1171300042853931,-0.37391241490471394,0.4,1.0,0.0,0.0,6.123233995736766e-17
6.288888888,-0.11740840808234611,-0.3751954497809518,0.4,1.0,0.0,0.0,6.123233995736766e-17
6.299999999,-0.1176728176986902,-0.37648175230058967,0.4,1.0,0.0,0.0,6.123233995736766e-17
6.311111111,-0.11792318871640863,-0.37777115470938094,0.4,1.0,0.0,0.0,6.123233995736766e-17
6.322222222,-0.11815947904940818,-0.37906348857205513,0.4,1.0,0.0,0.0,6.123233995736766e-17
6.333333333,-0.1183816489549448,-0.3803585848089243,0.4,1.0,0.0,0.0,6.123233995736766e-17
6.344444444,-0.11858966104441976,-0.3816562737327001,0.4,1.0,0.0,0.0,6.123233995736766e-17
6.355555555,-0.11878348029354276,-0.38295638508550667,0.4,1.0,0.0,0.0,6.123233995736766e-17
6.366666666,-0.1189630740518571,-0.3842587480760786,0.4,1.0,0.0,0.0,6.123233995736766e-17
6.377777777,-0.11912841205162458,-0.38556319141713286,0.4,1.0,0.0,0.0,6.123233995736766e-17
6.388888888,-0.11927946641606534,-0.3868695433629009,0.4,1.0,0.0,0.0,6.123233995736766e-17
6.400000000,-0.11941621166695064,-0.38817763174680975,0.4,1.0,0.0,0.0,6.123233995736766e-17
6.411111111,-0.119538624731545,-0.38948728401930033,0.4,1.0,0.0,0.0,6.123233995736766e-17
6.422222222,-0.11964668494889522,-0.3907983272857697,0.4,1.0,0.0,0.0,6.123233995736766e-17
6.433333333,-0.11974037407546399,-0.39211058834462614,0.4,1.0,0.0,0.0,6.123233995736766e-17
6.444444444,-0.11981967629010579,-0.3934238937254436,0.4,1.0,0.0,0.0,6.123233995736766e-17
6.455555555,-0.11988457819838311,-0.394738069727204,0.4,1.0,0.0,0.0,6.123233995736766e-17
6.466666666,-0.11993506883622153,-0.39605294245661393,0.4,1.0,0.0,0.0,6.123233995736766e-17
6.477777777,-0.11997113967290227,-0.39736833786648523,0.4,1.0,0.0,0.0,6.123233995736766e-17
6.488888888,-0.11999278461339061,-0.3986840817941644,0.4,1.0,0.0,0.0,6.123233995736766e-17
6.500000000,-0.12,-0.39999999999999997,0.4,1.0,0.0,0.0,6.123233995736766e-17
6.511111111,-0.11999278461339061,-0.4013159182058355,0.4,1.0,0.0,0.0,6.123233995736766e-17
6.522222222,-0.11997113967290227,-0.4026316621335147,0.4,1.0,0.0,0.0,6.123233995736766e-17
6.533333333,-0.11993506883622154,-0.40394705754338595,0.4,1.0,0.0,0.0,6.123233995736766e-17
6.544444444,-0.11988457819838311,-0.405261930272796,0.4,1.0,0.0,0.0,6.123233995736766e-17
6.555555555,-0.11981967629010579,-0.4065761062745563,0.4,1.0,0.0,0.0,6.123233995736766e-17
6.566666666,-0.119740374075464,-0.40788941165537385,0.4,1.0,0.0,0.0,6.123233995736766e-17
6.577777777,-0.11964668494889523,-0.40920167271423025,0.4,1.0,0.0,0.0,6.123233995736766e-17
6.588888888,-0.11953862473154502,-0.41051271598069955,0.4,1.0,0.0,0.0,6.123233995736766e-17
6.600000000,-0.11941621166695066,-0.4118223682531902,0.4,1.0,0.0,0.0,6.123233995736766e-17
6.611111111,-0.11927946641606536,-0.41313045663709896,0.4,1.0,0.0,0.0,6.123233995736766e-17
6.622222222,-0.1191284120516246,-0.4144368085828671,0.4,1.0,0.0,0.0,6.123233995736766e-17
6.633333333,-0.11896307405185713,-0.4157412519239213,0.4,1.0,0.0,0.0,6.123233995736766e-17
6.644444444,-0.11878348029354274,-0.41704361491449343,0.4,1.0,0.0,0.0,6.123233995736766e-17
6.655555555,-0.11858966104441979,-0.41834372626729976,0.4,1.0,0.0,0.0,6.123233995736766e-17
6.666666666,-0.1183816489549448,-0.41964141519107556,0.4,1.0,0.0,0.0,6.123233995736766e-17
6.677777777,-0.1181594790494082,-0.42093651142794486,0.4,1.0,0.0,0.0,6.123233995736766e-17
6.688888888,-0.11792318871640865,-0.4222288452906189,0.4,1.0,0.0,0.0,6.123233995736766e-17
6.700000000,-0.11767281769869022,-0.4235182476994104,0.4,1.0,0.0,0.0,6.123233995736766e-17
6.711111111,-0.11740840808234615,-0.42480455021904806,0.4,1.0,0.0,0.0,6.123233995736766e-17
6.722222222,-0.11713000428539308,-0.4260875850952862,0.4,1.0,0.0,0.0,6.123233995736766e-17
6.733333333,-0.11683765304572072,-0.42736718529128975,0.4,1.0,0.0,0.0,6.123233995736766e-17
6.744444444,-0.11653140340842043,-0.4286431845237917,0.4,1.0,0.0,0.0,6.123233995736766e-17
6.755555555,-0.11621130671249913,-0.42991541729900246,0.4,1.0,0.0,0.0,6.123233995736766e-17
6.766666666,-0.11587741657698199,-0.4311837189482682,0.4,1.0,0.0,0.0,6.123233995736766e-17
6.777777777,-0.11552978888641026,-0.43244792566346074,0.4,1.0,0.0,0.0,6.123233995736766e-17
6.788888888,-0.11516848177573952,-0.43370787453209053,0.4,1.0,0.0,0.0,6.123233995736766e-17
6.799999999,-0.11479355561464347,-0.4349634035721318,0.4,1.0,0.0,0.0,6.123233995736766e-17
6.811111111,-0.11440507299123039,-0.4362143517665476,0.4,1.0,0.0,0.0,6.123233995736766e-17
6.822222222,-0.1140030986951771,-0.4374605590975056,0.4,1.0,0.0,0.0,6.123233995736766e-17
6.833333333,-0.1135876997002881,-0.43870186658027194,0.4,1.0,0.0,0.0,6.123233995736766e-17
6.844444444,-0.11315894514648517,-0.4399381162967755,0.4,1.0,0.0,0.0,6.123233995736766e-17
6.855555555,-0.11271690632123563,-0.44116915142882823,0.4,1.0,0.0,0.0,6.123233995736766e-17
6.866666666,-0.11226165664042485,-0.44239481629099664,0.4,1.0,0.0,0.0,6.123233995736766e-17
6.877777777,-0.11179327162868141,-0.44361495636310844,0.4,1.0,0.0,0.0,6.123233995736766e-17
6.888888888,-0.11131182889916169,-0.44482941832238904,0.4,1.0,0.0,0.0,6.123233995736766e-17
6.900000000,-0.11081740813280135,-0.44603805007521646,0.4,1.0,0.0,0.0,6.123233995736766e-17
6.911111111,-0.11031009105704202,-0.44724070078848427,0.4,1.0,0.0,0.0,6.123233995736766e-17
6.922222222,-0.10978996142404077,-0.4484372209205652,0.4,1.0,0.0,0.0,6.123233995736766e-17
6.933333333,-0.10925710498837073,-0.4496274622518635,0.4,1.0,0.0,0.0,6.123233995736766e-17
6.944444444,-0.10871160948422065,-0.45081127791495024,0.4,1.0,0.0,0.0,6.123233995736766e-17
6.955555555,-0.10815356460210297,-0.45198852242426923,0.4,1.0,0.0,0.0,6.123233995736766e-17
6.966666666,-0.10758306196507791,-0.45315905170540766,0.4,1.0,0.0,0.0,6.123233995736766e-17
6.977777777,-0.1070001951045032,-0.45432272312392163,0.4,1.0,0.0,0.0,6.123233995736766e-17
6.988888888,-0.10640505943531794,-0.45547939551370814,0.4,1.0,0.0,0.0,6.123233995736766e-17
7.000000000,-0.10579775223087014,-0.4566289292049162,0.4,1.0,0.0,0.0,6.123233995736766e-17
7.011111111,-0.10517837259729709,-0.4577711860513885,0.4,1.0,0.0,0.0,6.123233995736766e-17
7.022222222,-0.10454702144746784,-0.458906029457626,0.4,1.0,0.0,0.0,6.123233995736766e-17
7.033333333,-0.10390380147449728,-0.46003332440526895,0.4,1.0,0.0,0.0,6.123233995736766e-17
7.044444444,-0.10324881712484295,-0.46115293747908387,0.4,1.0,0.0,0.0,6.123233995736766e-17
7.055555555,-0.10258217457099134,-0.4622647368924551,0.4,1.0,0.0,0.0,6.123233995736766e-17
7.066666666,-0.1019039816837476,-0.4633685925123672,0.4,1.0,0.0,0.0,6.123233995736766e-17
7.077777777,-0.1012143480041354,-0.4644643758838769,0.4,1.0,0.0,0.0,6.123233995736766e-17
7.088888888,-0.10051338471491915,-0.4655519602540661,0.4,1.0,0.0,0.0,6.123233995736766e-17
7.100000000,-0.09980120461175836,-0.4666312205954682,0.4,1.0,0.0,0.0,6.123233995736766e-17
7.111111111,-0.09907792207400433,-0.4677020336289652,0.4,1.0,0.0,0.0,6.123233995736766e-17
7.122222222,-0.09834365303515005,-0.46876427784614644,0.4,1.0,0.0,0.0,6.123233995736766e-17
7.133333333,-0.09759851495294386,-0.46981783353112583,0.4,1.0,0.0,0.0,6.123233995736766e-17
7.144444444,-0.09684262677917807,-0.47086258278180965,0.4,1.0,0.0,0.0,6.123233995736766e-17
7.155555555,-0.09607610892916199,-0.4718984095306134,0.4,1.0,0.0,0.0,6.123233995736766e-17
7.166666666,-0.09529908325089255,-0.47292519956461865,0.4,1.0,0.0,0.0,6.123233995736766e-17
7.177777777,-0.09451167299393078,-0.47394284054516905,0.4,1.0,0.0,0.0,6.123233995736766e-17
7.188888888,-0.09371400277799807,-0.4749512220268981,0.4,1.0,0.0,0.0,6.123233995736766e-17
7.200000000,-0.09290619856130099,-0.4759502354761861,0.4,1.0,0.0,0.0,6.123233995736766e-17
7.211111111,-0.0920883876085971,-0.47693977428904233,0.4,1.0,0.0,0.0,6.123233995736766e-17
7.222222222,-0.09126069845901312,-0.47791973380840747,0.4,1.0,0.0,0.0,6.123233995736766e-17
7.233333333,-0.09042326089362575,-0.4788900113408744,0.4,1.0,0.0,0.0,6.123233995736766e-17
7.244444444,-0.08957620590281798,-0.4798505061728225,0.4,1.0,0.0,0.0,6.123233995736766e-17
7.255555555,-0.08871966565342035,-0.48080111958596433,0.4,1.0,0.0,0.0,6.123233995736766e-17
7.266666666,-0.08785377345565136,-0.4817417548722994,0.4,1.0,0.0,0.0,6.123233995736766e-17
7.277777777,-0.08697866372986514,-0.4826723173484755,0.4,1.0,0.0,0.0,6.123233995736766e-17
7.288888888,-0.0860944719731209,-0.483592714369552,0.4,1.0,0.0,0.0,6.123233995736766e-17
7.299999999,-0.08520133472558415,-0.48450285534216564,0.4,1.0,0.0,0.0,6.123233995736766e-17
7.311111111,-0.0842993895367708,-0.48540265173709646,0.4,1.0,0.0,0.0,6.123233995736766e-17
7.322222222,-0.08338877493164751,-0.4862920171012304,0.4,1.0,0.0,0.0,6.123233995736766e-17
7.333333333,-0.08246963037659788,-0.48717086706892004,0.4,1.0,0.0,0.0,6.123233995736766e-17
7.344444444,-0.08154209624526726,-0.48803911937274,0.4,1.0,0.0,0.0,6.123233995736766e-17
7.355555555,-0.08060631378429724,-0.4888966938536379,0.4,1.0,0.0,0.0,6.123233995736766e-17
7.366666666,-0.0796624250789619,-0.4897435124704777,0.4,1.0,0.0,0.0,6.123233995736766e-17
7.377777777,-0.07871057301871609,-0.4905794993089792,0.4,1.0,0.0,0.0,6.123233995736766e-17
7.388888888,-0.0777509012626692,-0.4914045805900485,0.4,1.0,0.0,0.0,6.123233995736766e-17
7.400000000,-0.07678355420499404,-0.49221868467750307,0.4,1.0,0.0,0.0,6.123233995736766e-17
7.411111111,-0.07580867694028302,-0.49302174208519106,0.4,1.0,0.0,0.0,6.123233995736766e-17
7.422222222,-0.07482641522886437,-0.4938136854835028,0.4,1.0,0.0,0.0,6.123233995736766e-17
7.433333333,-0.07383691546208622,-0.49459444970527994,0.4,1.0,0.0,0.0,6.123233995736766e-17
7.444444444,-0.07284032462758504,-0.495363971751118,0.4,1.0,0.0,0.0,6.123233995736766e-17
7.455555555,-0.07183679027454432,-0.4961221907940676,0.4,1.0,0.0,0.0,6.123233995736766e-17
7.466666666,-0.0708264604789586,-0.4968690481837337,0.4,1.0,0.0,0.0,6.123233995736766e-17
7.477777777,-0.06980948380891337,-0.49760448744977387,0.4,1.0,0.0,0.0,6.123233995736766e-17
7.488888888,-0.06878600928988933,-0.4983284543048006,0.4,1.0,0.0,0.0,6.123233995736766e-17
7.500000000,-0.06775618637010601,-0.4990408966466856,0.4,1.0,0.0,0.0,6.123233995736766e-17
7.511111111,-0.06672016488591309,-0.4997417645602712,0.4,1.0,0.0,0.0,6.123233995736766e-17
7.522222222,-0.06567809502724035,-0.5004310103184907,0.4,1.0,0.0,0.0,6.123233995736766e-17
7.533333333,-0.06463012730311901,-0.5011085883828996,0.4,1.0,0.0,0.0,6.123233995736766e-17
7.544444444,-0.06357641250728308,-0.5017744554036218,0.4,1.0,0.0,0.0,6.123233995736766e-17
7.555555555,-0.06251710168386243,-0.502428570218712,0.4,1.0,0.0,0.0,6.123233995736766e-17
7.566666666,-0.061452346093178116,-0.5030708938529411,0.4,1.0,0.0,0.0,6.123233995736766e-17
7.577777777,-0.0603822971776505,-0.5037013895160036,0.4,1.0,0.0,0.0,6.123233995736766e-17
7.588888888,-0.05930710652782924,-0.5043200226001544,0.4,1.0,0.0,0.0,6.123233995736766e-17
7.600000000,-0.05822692584855782,-0.5049267606772769,0.4,1.0,0.0,0.0,6.123233995736766e-17
7.611111111,-0.057141906925280914,-0.5055215734953878,0.4,1.0,0.0,0.0,6.123233995736766e-17
7.622222222,-0.05605220159050438,-0.5061044329745815,0.4,1.0,0.0,0.0,6.123233995736766e-17
7.633333333,-0.05495796169041963,-0.5066753132024199,0.4,1.0,0.0,0.0,6.123233995736766e-17
7.644444444,-0.0538593390517006,-0.5072341904287712,0.4,1.0,0.0,0.0,6.123233995736766e-17
7.655555555,-0.05275648544848368,-0.5077810430601037,0.4,1.0,0.0,0.0,6.123233995736766e-17
7.666666666,-0.051649552569539445,-0.5083158516532386,0.4,1.0,0.0,0.0,6.123233995736766e-17
7.677777777,-0.05053869198564708,-0.5088385989085669,0.4,1.0,0.0,0.0,6.123233995736766e-17
7.688888888,-0.04942405511717863,-0.5093492696627375,0.4,1.0,0.0,0.0,6.123233995736766e-17
7.700000000,-0.0483057932019049,-0.5098478508808197,0.4,1.0,0.0,0.0,6.123233995736766e-17
7.711111111,-0.04718405726302901,-0.5103343316479472,0.4,1.0,0.0,0.0,6.123233995736766e-17
7.722222222,-0.046058998077458974,-0.5108087031604496,0.4,1.0,0.0,0.0,6.123233995736766e-17
7.733333333,-0.04493076614432719,-0.5112709587164763,0.4,1.0,0.0,0.0,6.123233995736766e-17
7.744444444,-0.04379951165376467,-0.5117210937061204,0.4,1.0,0.0,0.0,6.123233995736766e-17
7.755555555,-0.042665384455939,-0.5121591056010475,0.4,1.0,0.0,0.0,6.123233995736766e-17
7.766666666,-0.04152853403036524,-0.5125849939436371,0.4,1.0,0.0,0.0,6.123233995736766e-17
7.777777777,-0.04038910945549619,-0.5129987603356424,0.4,1.0,0.0,0.0,6.123233995736766e-17
7.788888888,-0.03924725937860056,-0.5134004084263759,0.4,1.0,0.0,0.0,6.123233995736766e-17
7.799999999,-0.03810313198593827,-0.5137899439004263,0.4,1.0,0.0,0.0,6.123233995736766e-17
7.811111111,-0.036956874973237845,-0.5141673744649164,0.4,1.0,0.0,0.0,6.123233995736766e-17
7.822222222,-0.03580863551648566,-0.5145327098363061,0.4,1.0,0.0,0.0,6.123233995736766e-17
7.833333333,-0.03465856024303335,-0.5148859617267489,0.4,1.0,0.0,0.0,6.123233995736766e-17
7.844444444,-0.033506795203030196,-0.5152271438300117,0.4,1.0,0.0,0.0,6.123233995736766e-17
7.855555555,-0.0323534858411887,-0.51555627180696,0.4,1.0,0.0,0.0,6.123233995736766e-17
7.866666666,-0.03119877696888819,-0.5158733632706222,0.4,1.0,0.0,0.0,6.123233995736766e-17
7.877777777,-0.030042812736625308,-0.5161784377708363,0.4,1.0,0.0,0.0,6.123233995736766e-17
7.888888888,-0.028885736606816013,-0.5164715167784881,0.4,1.0,0.0,0.0,6.123233995736766e-17
7.900000000,-0.027727691326955822,-0.5167526236693508,0.4,1.0,0.0,0.0,6.123233995736766e-17
7.911111111,-0.026568818903145587,-0.5170217837075297,0.4,1.0,0.0,0.0,6.123233995736766e-17
7.922222222,-0.02540926057398568,-0.5172790240285248,0.4,1.0,0.0,0.0,6.123233995736766e-17
7.933333333,-0.02424915678484943,-0.5175243736219164,0.4,1.0,0.0,0.0,6.123233995736766e-17
7.944444444,-0.02308864716253412,-0.5177578633136828,0.4,1.0,0.0,0.0,6.123233995736766e-17
7.955555555,-0.021927870490302752,-0.517979525748159,0.4,1.0,0.0,0.0,6.123233995736766e-17
7.966666666,-0.020766964683315427,-0.5181893953696436,0.4,1.0,0.0,0.0,6.123233995736766e-17
7.977777777,-0.019606066764458748,-0.5183875084036639,0.4,1.0,0.0,0.0,6.123233995736766e-17
7.988888888,-0.01844531284057747,-0.5185739028379063,0.4,1.0,0.0,0.0,6.123233995736766e-17
8.000000000,-0.017284838079111235,-0.5187486184028215,0.4,1.0,0.0,0.0,6.123233995736766e-17
8.011111111,-0.016124776685144417,-0.5189116965519129,0.4,1.0,0.0,0.0,6.123233995736766e-17
8.022222222,-0.014965261878867946,-0.5190631804417172,0.4,1.0,0.0,0.0,6.123233995736766e-17
8.033333333,-0.013806425873464019,-0.5192031149114844,0.4,1.0,0.0,0.0,6.123233995736766e-17
8.044444444,-0.012648399853410175,-0.519331546462569,0.4,1.0,0.0,0.0,6.123233995736766e-17
8.055555555,-0.011491313953213055,-0.5194485232375382,0.4,1.0,0.0,0.0,6.123233995736766e-17
8.066666666,-0.010335297236569525,-0.5195540949990077,0.4,1.0,0.0,0.0,6.123233995736766e-17
8.077777777,-0.009180477675963977,-0.5196483131082137,0.4,1.0,0.0,0.0,6.123233995736766e-17
8.088888888,-0.008026982132699994,-0.519731230503329,0.4,1.0,0.0,0.0,6.123233995736766e-17
8.100000000,-0.006874936337371852,-0.5198029016775348,0.4,1.0,0.0,0.0,6.123233995736766e-17
8.111111111,-0.005724464870779522,-0.5198633826568532,0.4,1.0,0.0,0.0,6.123233995736766e-17
8.122222222,-0.00457569114528577,-0.5199127309777529,0.4,1.0,0.0,0.0,6.123233995736766e-17
8.133333333,-0.0034287373866234714,-0.5199510056645361,0.4,1.0,0.0,0.0,6.123233995736766e-17
8.144444444,-0.0022837246161493043,-0.5199782672065136,0.4,1.0,0.0,0.0,6.123233995736766e-17
8.155555555,-0.001140772633549448,-0.5199945775349809,0.4,1.0,0.0,0.0,6.123233995736766e-17
8.166666666,-1.2862505274866738e-16,-0.52,0.4,1.0,0.0,0.0,6.123233995736766e-17
8.177777777,0.0011384759782213357,-0.5199945993469999,0.4,1.0,0.0,0.0,6.123233995736766e-17
8.188888888,0.0022745392656646182,-0.5199784416932015,0.4,1.0,0.0,0.0,6.123233995736766e-17
8.199999999,0.0034080751131818246,-0.5199515945038786,0.4,1.0,0.0,0.0,6.123233995736766e-17
8.211111111,0.004538970072940497,-0.5199141265684613,0.4,1.0,0.0,0.0,6.123233995736766e-17
8.222222222,0.005667112012981592,-0.5198661079764932,0.4,1.0,0.0,0.0,6.123233995736766e-17
8.233333333,0.006792390131312992,-0.5198076100934496,0.4,1.0,0.0,0.0,6.123233995736766e-17
8.244444444,0.007914694969546858,-0.5197387055364264,0.4,1.0,0.0,0.0,6.123233995736766e-17
8.255555555,0.009033918426073529,-0.5196594681497083,0.4,1.0,0.0,0.0,6.123233995736766e-17
8.266666666,0.010149953768774565,-0.519569972980225,0.4,1.0,0.0,0.0,6.123233995736766e-17
8.277777777,0.011262695647276184,-0.5194702962529048,0.4,1.0,0.0,0.0,6.123233995736766e-17
8.288888888,0.012372040104740998,-0.5193605153459329,0.4,1.0,0.0,0.0,6.123233995736766e-17
8.300000000,0.013477884589198096,-0.5192407087659254,0.4,1.0,0.0,0.0,6.123233995736766e-17
8.311111111,0.014580127964414883,-0.5191109561230254,0.4,1.0,0.0,0.0,6.123233995736766e-17
8.322222222,0.01567867052030955,-0.5189713381059303,0.4,1.0,0.0,0.0,6.123233995736766e-17
8.333333333,0.01677341398290266,-0.5188219364568604,0.4,1.0,0.0,0.0,6.123233995736766e-17
8.344444444,0.017864261523813145,-0.5186628339464755,0.4,1.0,0.0,0.0,6.123233995736766e-17
8.355555555,0.018951117769297778,-0.5184941143487481,0.4,1.0,0.0,0.0,6.123233995736766e-17
8.366666666,0.020033888808833864,-0.5183158624158033,0.4,1.0,0.0,0.0,6.123233995736766e-17
8.377777777,0.021112482203250345,-0.5181281638527301,0.4,1.0,0.0,0.0,6.123233995736766e-17
8.388888888,0.022186806992404464,-0.5179311052923774,0.4,1.0,0.0,0.0,6.123233995736766e-17
8.400000000,0.02325677370241027,-0.5177247742701377,0.4,1.0,0.0,0.0,6.123233995736766e-17
8.411111111,0.024322294352416417,-0.5175092591987305,0.4,1.0,0.0,0.0,6.123233995736766e-17
8.422222222,0.025383282460938586,-0.5172846493429903,0.4,1.0,0.0,0.0,6.123233995736766e-17
8.433333333,0.02643965305174861,-0.5170510347946705,0.4,1.0,0.0,0.0,6.123233995736766e-17
8.444444444,0.027491322659318584,-0.5168085064472672,0.4,1.0,0.0,0.0,6.123233995736766e-17
8.455555555,0.02853820933382909,-0.5165571559708736,0.4,1.0,0.0,0.0,6.123233995736766e-17
8.466666666,0.0295802326457375,-0.5162970757870724,0.4,1.0,0.0,0.0,6.123233995736766e-17
8.477777777,0.03061731368991389,-0.5160283590438709,0.4,1.0,0.0,0.0,6.123233995736766e-17
8.488888888,0.031649375089344844,-0.5157510995906905,0.4,1.0,0.0,0.0,6.123233995736766e-17
8.500000000,0.032676340998408125,-0.515465391953415,0.4,1.0,0.0,0.0,6.123233995736766e-17
8.511111111,0.033698137105724835,-0.515171331309505,0.4,1.0,0.0,0.0,6.123233995736766e-17
8.522222222,0.034714690636585464,-0.5148690134631885,0.4,1.0,0.0,0.0,6.123233995736766e-17
8.533333333,0.03572593035496117,-0.5145585348207302,0.4,1.0,0.0,0.0,6.123233995736766e-17
8.544444444,0.036731786565096826,-0.5142399923657919,0.4,1.0,0.0,0.0,6.123233995736766e-17
8.555555555,0.03773219111269478,-0.5139134836348844,0.4,1.0,0.0,0.0,6.123233995736766e-17
8.566666666,0.038727077385688306,-0.5135791066929253,0.4,1.0,0.0,0.0,6.123233995736766e-17
8.577777777,0.03971638031461361,-0.5132369601089016,0.4,1.0,0.0,0.0,6.123233995736766e-17
8.588888888,0.040700036372579615,-0.5128871429316497,0.4,1.0,0.0,0.0,6.123233995736766e-17
8.600000000,0.04167798357484128,-0.5125297546657561,0.4,1.0,0.0,0.0,6.123233995736766e-17
8.611111111,0.04265016147798351,-0.512164895247586,0.4,1.0,0.0,0.0,6.123233995736766e-17
8.622222222,0.043616511178713006,-0.5117926650214459,0.4,1.0,0.0,0.0,6.123233995736766e-17
8.633333333,0.0445769753122712,-0.5114131647158862,0.4,1.0,0.0,0.0,6.123233995736766e-17
8.644444444,0.04553149805046326,-0.5110264954201503,0.4,1.0,0.0,0.0,6.123233995736766e-17
8.655555555,0.04648002509931677,-0.5106327585607757,0.4,1.0,0.0,0.0,6.123233995736766e-17
8.666666666,0.047422503696366816,-0.5102320558783519,0.4,1.0,0.0,0.0,6.123233995736766e-17
8.677777777,0.04835888260757743,-0.5098244894044427,0.4,1.0,0.0,0.0,6.123233995736766e-17
8.688888888,0.049289112123901566,-0.5094101614386775,0.4,1.0,0.0,0.0,6.123233995736766e-17
8.699999999,0.05021314405748569,-0.5089891745260152,0.4,1.0,0.0,0.0,6.123233995736766e-17
8.711111111,0.05113093173752251,-0.5085616314341895,0.4,1.0,0.0,0.0,6.123233995736766e-17
8.722222222,0.052042430005757916,-0.5081276351313382,0.4,1.0,0.0,0.0,6.123233995736766e-17
8.733333333,0.05294759521165712,-0.5076872887638207,0.4,1.0,0.0,0.0,6.123233995736766e-17
8.744444444,0.053846385207233845,-0.507240695634233,0.4,1.0,0.0,0.0,6.123233995736766e-17
8.755555555,0.05473875934154989,-0.5067879591796186,0.4,1.0,0.0,0.0,6.123233995736766e-17
8.766666666,0.05562467845488795,-0.506329182949886,0.4,1.0,0.0,0.0,6.123233995736766e-17
8.777777777,0.05650410487260392,-0.5058644705864332,0.4,1.0,0.0,0.0,6.123233995736766e-17
8.788888888,0.057377002398665285,-0.5053939258009852,0.4,1.0,0.0,0.0,6.123233995736766e-17
8.800000000,0.058243336308878305,-0.5049176523546486,0.4,1.0,0.0,0.0,6.123233995736766e-17
8.811111111,0.05910307334381178,-0.5044357540371879,0.4,1.0,0.0,0.0,6.123233995736766e-17
8.822222222,0.059956181701421384,-0.5039483346465259,0.4,1.0,0.0,0.0,6.123233995736766e-17
8.833333333,0.060802631029380834,-0.5034554979684742,0.4,1.0,0.0,0.0,6.123233995736766e-17
8.844444444,0.06164239241712545,-0.5029573477566954,0.4,1.0,0.0,0.0,6.123233995736766e-17
8.855555555,0.06247543838761225,-0.502453987712903,0.4,1.0,0.0,0.0,6.123233995736766e-17
8.866666666,0.06330174288880533,-0.5019455214672993,0.4,1.0,0.0,0.0,6.123233995736766e-17
8.877777777,0.06412128128488755,-0.5014320525592593,0.4,1.0,0.0,0.0,6.123233995736766e-17
8.888888888,0.06493403034720978,-0.5009136844182573,0.4,1.0,0.0,0.0,6.123233995736766e-17
8.900000000,0.06573996824497753,-0.5003905203450473,0.4,1.0,0.0,0.0,6.123233995736766e-17
8.911111111,0.06653907453568557,-0.4998626634930918,0.4,1.0,0.0,0.0,6.123233995736766e-17
8.922222222,0.06733133015530395,-0.49933021685024886,0.4,1.0,0.0,0.0,6.123233995736766e-17
8.933333333,0.06811671740821966,-0.4987932832207167,0.4,1.0,0.0,0.0,6.123233995736766e-17
8.944444444,0.06889521995694453,-0.49825196520723763,0.4,1.0,0.0,0.0,6.123233995736766e-17
8.955555555,0.06966682281158927,-0.4977063651935667,0.4,1.0,0.0,0.0,6.123233995736766e-17
8.966666666,0.07043151231911411,-0.4971565853272051,0.4,1.0,0.0,0.0,6.123233995736766e-17
8.977777777,0.07118927615235862,-0.4966027275024014,0.4,1.0,0.0,0.0,6.123233995736766e-17
8.988888888,0.07194010329885925,-0.49604489334342283,0.4,1.0,0.0,0.0,6.123233995736766e-17
9.000000000,0.0726839840494576,-0.4954831841880977,0.4,1.0,0.0,0.0,6.123233995736766e-17
9.011111111,0.07342090998670732,-0.4949177010716327,0.4,1.0,0.0,0.0,6.123233995736766e-17
9.022222222,0.07415087397308487,-0.4943485447107039,0.4,1.0,0.0,0.0,6.123233995736766e-17
9.033333333,0.07487387013900877,-0.49377581548782634,0.4,1.0,0.0,0.0,6.123233995736766e-17
9.044444444,0.07558989387067498,-0.49319961343600144,0.4,1.0,0.0,0.0,6.123233995736766e-17
9.055555555,0.07629894179771289,-0.49262003822364375,0.4,1.0,0.0,0.0,6.123233995736766e-17
9.066666666,0.07700101178066812,-0.49203718913978967,0.4,1.0,0.0,0.0,6.123233995736766e-17
9.077777777,0.07769610289831738,-0.49145116507958814,0.4,1.0,0.0,0.0,6.123233995736766e-17
9.088888888,0.07838421543482225,-0.49086206453007425,0.4,1.0,0.0,0.0,6.123233995736766e-17
9.100000000,0.07906535086672573,-0.4902699855562277,0.4,1.0,0.0,0.0,6.123233995736766e-17
9.111111111,0.0797395118497995,-0.4896750257873154,0.4,1.0,0.0,0.0,6.123233995736766e-17
9.122222222,0.08040670220574526,-0.48907728240352083,0.4,1.0,0.0,0.0,6.123233995736766e-17
9.133333333,0.0810669269087575,-0.4884768521228585,0.4,1.0,0.0,0.0,6.123233995736766e-17
9.144444444,0.08172019207195264,-0.4878738311883758,0.4,1.0,0.0,0.0,6.123233995736766e-17
9.155555555,0.08236650493366938,-0.4872683153556422,0.4,1.0,0.0,0.0,6.123233995736766e-17
9.166666666,0.08300587384364808,-0.48666039988052434,0.4,1.0,0.0,0.0,6.123233995736766e-17
9.177777777,0.0836383082490907,-0.4860501795072508,0.4,1.0,0.0,0.0,6.123233995736766e-17
9.188888888,0.08426381868061199,-0.4854377484567621,0.4,1.0,0.0,0.0,6.123233995736766e-17
9.199999999,0.084882416738082,-0.48482320041534965,0.4,1.0,0.0,0.0,6.123233995736766e-17
9.211111111,0.08549411507636932,-0.48420662852358193,0.4,1.0,0.0,0.0,6.123233995736766e-17
9.222222222,0.08609892739098897,-0.483588125365516,0.4,1.0,0.0,0.0,6.123233995736766e-17
9.233333333,0.08669686840365863,-0.4829677829581983,0.4,1.0,0.0,0.0,6.123233995736766e-17
9.244444444,0.08728795384777233,-0.4823456927414493,0.4,1.0,0.0,0.0,6.123233995736766e-17
9.255555555,0.08787220045379238,-0.481721945567935,0.4,1.0,0.0,0.0,6.123233995736766e-17
9.266666666,0.0884496259345683,-0.4810966316935232,0.4,1.0,0.0,0.0,6.123233995736766e-17
9.277777777,0.08902024897058532,-0.48046984076792376,0.4,1.0,0.0,0.0,6.123233995736766e-17
9.288888888,0.0895840891951495,-0.4798416618256127,0.4,1.0,0.0,0.0,6.123233995736766e-17
9.300000000,0.09014116717951304,-0.4792121832770382,0.4,1.0,0.0,0.0,6.123233995736766e-17
9.311111111,0.09069150441794535,-0.4785814929001085,0.4,1.0,0.0,0.0,6.123233995736766e-17
9.322222222,0.09123512331275488,-0.47794967783196035,0.4,1.0,0.0,0.0,6.123233995736766e-17
9.333333333,0.09177204715926641,-0.477316824561006,0.4,1.0,0.0,0.0,6.123233995736766e-17
9.344444444,0.09230230013075849,-0.4766830189192587,0.4,1.0,0.0,0.0,6.123233995736766e-17
9.355555555,0.09282590726336569,-0.47604834607493474,0.4,1.0,0.0,0.0,6.123233995736766e-17
9.366666666,0.09334289444095135,-0.47541289052533003,0.4,1.0,0.0,0.0,6.123233995736766e-17
9.377777777,0.09385328837995335,-0.47477673608997195,0.4,1.0,0.0,0.0,6.123233995736766e-17
9.388888888,0.09435711661420994,-0.47413996590404117,0.4,1.0,0.0,0.0,6.123233995736766e-17
9.400000000,0.09485440747976859,-0.4735026624120652,0.4,1.0,0.0,0.0,6.123233995736766e-17
9.411111111,0.09534519009968193,-0.47286490736188114,0.4,1.0,0.0,0.0,6.123233995736766e-17
9.422222222,0.09582949436879716,-0.47222678179886374,0.4,1.0,0.0,0.0,6.123233995736766e-17
9.433333333,0.09630735093854065,-0.47158836606042054,0.4,1.0,0.0,0.0,6.123233995736766e-17
9.444444444,0.09677879120170449,-0.47094973977074817,0.4,1.0,0.0,0.0,6.123233995736766e-17
9.455555555,0.09724384727723709,-0.4703109818358512,0.4,1.0,0.0,0.0,6.123233995736766e-17
9.466666666,0.09770255199504292,-0.4696721704388197,0.4,1.0,0.0,0.0,6.123233995736766e-17
9.477777777,0.09815493888079589,-0.46903338303536357,0.4,1.0,0.0,0.0,6.123233995736766e-17
9.488888888,0.09860104214076894,-0.46839469634960235,0.4,1.0,0.0,0.0,6.123233995736766e-17
9.500000000,0.0990408966466856,-0.4677561863701061,0.4,1.0,0.0,0.0,6.123233995736766e-17
9.511111111,0.09947453792059498,-0.46711792834618865,0.4,1.0,0.0,0.0,6.123233995736766e-17
9.522222222,0.09990200211977718,-0.4664799967844467,0.4,1.0,0.0,0.0,6.123233995736766e-17
9.533333333,0.10032332602167889,-0.4658424654455461,0.4,1.0,0.0,0.0,6.123233995736766e-17
9.544444444,0.10073854700888635,-0.46520540734125043,0.4,1.0,0.0,0.0,6.123233995736766e-17
9.555555555,0.1011477030541377,-0.4645688947316894,0.4,1.0,0.0,0.0,6.123233995736766e-17
9.566666666,0.10155083270537686,-0.4639329991228674,0.4,1.0,0.0,0.0,6.123233995736766e-17
9.577777777,0.10194797507085585,-0.46329779126440473,0.4,1.0,0.0,0.0,6.123233995736766e-17
9.588888888,0.10233916980428495,-0.46266334114751406,0.4,1.0,0.0,0.0,6.123233995736766e-17
9.599999999,0.10272445709003705,-0.462029718003205,0.4,1.0,0.0,0.0,6.123233995736766e-17
9.611111111,0.10310387762840723,-0.4613969903007178,0.4,1.0,0.0,0.0,6.123233995736766e-17
9.622222222,0.10347747262093254,-0.4607652257461795,0.4,1.0,0.0,0.0,6.123233995736766e-17
9.633333333,0.10384528375577332,-0.4601344912814844,0.4,1.0,0.0,0.0,6.123233995736766e-17
9.644444444,0.10420735319316027,-0.45950485308339106,0.4,1.0,0.0,0.0,6.123233995736766e-17
9.655555555,0.10456372355090957,-0.4588763765628368,0.4,1.0,0.0,0.0,6.123233995736766e-17
9.666666666,0.10491443789000923,-0.45824912636446485,0.4,1.0,0.0,0.0,6.123233995736766e-17
9.677777777,0.10525953970027872,-0.45762316636636213,0.4,1.0,0.0,0.0,6.123233995736766e-17
9.688888888,0.105599072886106,-0.45699855968000314,0.4,1.0,0.0,0.0,6.123233995736766e-17
9.700000000,0.10593308175226293,-0.4563753686503989,0.4,1.0,0.0,0.0,6.123233995736766e-17
9.711111111,0.10626161098980234,-0.4557536548564479,0.4,1.0,0.0,0.0,6.123233995736766e-17
9.722222222,0.10658470566203976,-0.45513347911148316,0.4,1.0,0.0,0.0,6.123233995736766e-17
9.733333333,0.10690241119062115,-0.45451490146401585,0.4,1.0,0.0,0.0,6.123233995736766e-17
9.744444444,0.10721477334167981,-0.4538979811986704,0.4,1.0,0.0,0.0,6.123233995736766e-17
9.755555555,0.10752183821208407,-0.4532827768373085,0.4,1.0,0.0,0.0,6.123233995736766e-17
9.766666666,0.10782365221577854,-0.45266934614033894,0.4,1.0,0.0,0.0,6.123233995736766e-17
9.777777777,0.10812026207022081,-0.4520577461082092,0.4,1.0,0.0,0.0,6.123233995736766e-17
9.788888888,0.10841171478291527,-0.4514480329830775,0.4,1.0,0.0,0.0,6.123233995736766e-17
9.800000000,0.10869805763804642,-0.45084026225066054,0.4,1.0,0.0,0.0,6.123233995736766e-17
9.811111111,0.10897933818321372,-0.4502344886422539,0.4,1.0,0.0,0.0,6.123233995736766e-17
9.822222222,0.1092556042162695,-0.4496307661369223,0.4,1.0,0.0,0.0,6.123233995736766e-17
9.833333333,0.10952690377226136,-0.4490291479638572,0.4,1.0,0.0,0.0,6.123233995736766e-17
9.844444444,0.10979328511048182,-0.4484296866048961,0.4,1.0,0.0,0.0,6.123233995736766e-17
9.855555555,0.11005479670162567,-0.4478324337972034,0.4,1.0,0.0,0.0,6.123233995736766e-17
9.866666666,0.1103114872150572,-0.4472374405361073,0.4,1.0,0.0,0.0,6.123233995736766e-17
9.877777777,0.11056340550618894,-0.44664475707809004,0.4,1.0,0.0,0.0,6.123233995736766e-17
9.888888888,0.11081060060397266,-0.446054432943929,0.4,1.0,0.0,0.0,6.123233995736766e-17
9.900000000,0.11105312169850468,-0.4454665169219846,0.4,1.0,0.0,0.0,6.123233995736766e-17
9.911111111,0.11129101812874653,-0.4448810570716311,0.4,1.0,0.0,0.0,6.123233995736766e-17
9.922222222,0.11152433937036191,-0.4442981007268297,0.4,1.0,0.0,0.0,6.123233995736766e-17
9.933333333,0.11175313502367153,-0.44371769449983656,0.4,1.0,0.0,0.0,6.123233995736766e-17
9.944444444,0.11197745480172684,-0.4431398842850467,0.4,1.0,0.0,0.0,6.123233995736766e-17
9.955555555,0.11219734851850327,-0.44256471526296765,0.4,1.0,0.0,0.0,6.123233995736766e-17
9.966666666,0.1124128660772147,-0.4419922319043201,0.4,1.0,0.0,0.0,6.123233995736766e-17
9.977777777,0.11262405745874915,-0.4414224779742638,0.4,1.0,0.0,0.0,6.123233995736766e-17
9.988888888,0.11283097271022775,-0.4408554965367433,0.4,1.0,0.0,0.0,6.123233995736766e-17
10.000000000,0.11303366193368593,-0.4402913299589527,0.4,1.0,0.0,0.0,6.123233995736766e-17
10.011111111,0.11323217527488026,-0.43973001991591243,0.4,1.0,0.0,0.0,6.123233995736766e-17
10.022222222,0.11342656291221832,-0.43917160739516037,0.4,1.0,0.0,0.0,6.123233995736766e-17
10.033333333,0.11361687504581545,-0.4386161327015479,0.4,1.0,0.0,0.0,6.123233995736766e-17
10.044444444,0.11380316188667627,-0.43806363546214355,0.4,1.0,0.0,0.0,6.123233995736766e-17
10.055555555,0.11398547364600346,-0.43751415463123555,0.4,1.0,0.0,0.0,6.123233995736766e-17
10.066666666,0.11416386052463287,-0.43696772849543464,0.4,1.0,0.0,0.0,6.123233995736766e-17
10.077777777,0.11433837270259602,-0.43642439467887206,0.4,1.0,0.0,0.0,6.123233995736766e-17
10.088888888,0.11450906032881054,-0.4358841901484878,0.4,1.0,0.0,0.0,6.123233995736766e-17
10.099999999,0.11467597351089778,-0.4353471512194105,0.4,1.0,0.0,0.0,6.123233995736766e-17
10.111111111,0.11483916230512935,-0.4348133135604205,0.4,1.0,0.0,0.0,6.123233995736766e-17
10.122222222,0.11499867670650112,-0.43428271219949843,0.4,1.0,0.0,0.0,6.123233995736766e-17
10.133333333,0.11515456663893642,-0.43375538152945026,0.4,1.0,0.0,0.0,6.123233995736766e-17
10.144444444,0.11530688194561721,-0.4332313553136115,0.4,1.0,0.0,0.0,6.123233995736766e-17
10.155555555,0.11545567237944394,-0.4327106666916238,0.4,1.0,0.0,0.0,6.123233995736766e-17
10.166666666,0.11560098759362399,-0.4321933481852819,0.4,1.0,0.0,0.0,6.123233995736766e-17
10.177777777,0.11574287713238841,-0.43167943170444883,0.4,1.0,0.0,0.0,6.123233995736766e-17
10.188888888,0.11588139042183723,-0.4311689485530348,0.4,1.0,0.0,0.0,6.123233995736766e-17
10.200000000,0.11601657676091277,-0.4306619294350377,0.4,1.0,0.0,0.0,6.123233995736766e-17
10.211111111,0.11614848531250113,-0.43015840446064263,0.4,1.0,0.0,0.0,6.123233995736766e-17
10.222222222,0.11627716509466121,-0.42965840315237663,0.4,1.0,0.0,0.0,6.123233995736766e-17
10.233333333,0.11640266497198126,-0.429161954451317,0.4,1.0,0.0,0.0,6.123233995736766e-17
10.244444444,0.1165250336470631,-0.4286690867233474,0.4,1.0,0.0,0.0,6.123233995736766e-17
10.255555555,0.1166443196521322,-0.4281798277654638,0.4,1.0,0.0,0.0,6.123233995736766e-17
10.266666666,0.11676057134077507,-0.4276942048121222,0.4,1.0,0.0,0.0,6.123233995736766e-17
10.277777777,0.11687383687980192,-0.42721224454162965,0.4,1.0,0.0,0.0,6.123233995736766e-17
10.288888888,0.11698416424123541,-0.42673397308257155,0.4,1.0,0.0,0.0,6.123233995736766e-17
10.300000000,0.11709160119442386,-0.42625941602027734,0.4,1.0,0.0,0.0,6.123233995736766e-17
10.311111111,0.11719619529827914,-0.42578859840331795,0.4,1.0,0.0,0.0,6.123233995736766e-17
10.322222222,0.11729799389363853,-0.4253215447500333,0.4,1.0,0.0,0.0,6.123233995736766e-17
10.333333333,0.11739704409574943,-0.4248582790550887,0.4,1.0,0.0,0.0,6.123233995736766e-17
10.344444444,0.1174933927868771,-0.4243988247960556,0.4,1.0,0.0,0.0,6.123233995736766e-17
10.355555555,0.11758708660903397,-0.42394320494001464,0.4,1.0,0.0,0.0,6.123233995736766e-17
10.366666666,0.11767817195683035,-0.42349144195017985,0.4,1.0,0.0,0.0,6.123233995736766e-17
10.377777777,0.1177666949704455,-0.4230435577925381,0.4,1.0,0.0,0.0,6.123233995736766e-17
10.388888888,0.11785270152871855,-0.42259957394250564,0.4,1.0,0.0,0.0,6.123233995736766e-17
10.400000000,0.11793623724235802,-0.42215951139159535,0.4,1.0,0.0,0.0,6.123233995736766e-17
10.411111111,0.11801734744726983,-0.4217233906540943,0.4,1.0,0.0,0.0,6.123233995736766e-17
10.422222222,0.11809607719800219,-0.42129123177374916,0.4,1.0,0.0,0.0,6.123233995736766e-17
10.433333333,0.11817247126130713,-0.4208630543304555,0.4,1.0,0.0,0.0,6.123233995736766e-17
10.444444444,0.11824657410981727,-0.4204388774469512,0.4,1.0,0.0,0.0,6.123233995736766e-17
10.455555555,0.11831842991583735,-0.42001871979550853,0.4,1.0,0.0,0.0,6.123233995736766e-17
10.466666666,0.11838808254524925,-0.4196025996046251,0.4,1.0,0.0,0.0,6.123233995736766e-17
10.477777777,0.11845557555152975,-0.4191905346657103,0.4,1.0,0.0,0.0,6.123233995736766e-17
10.488888888,0.11852095216987983,-0.4187825423397648,0.4,1.0,0.0,0.0,6.123233995736766e-17
10.500000000,0.11858425531146492,-0.4183786395640511,0.4,1.0,0.0,0.0,6.123233995736766e-17
10.511111111,0.11864552755776439,-0.4179788428587541,0.4,1.0,0.0,0.0,6.123233995736766e-17
10.522222222,0.11870481115503015,-0.417583168333626,0.4,1.0,0.0,0.0,6.123233995736766e-17
10.533333333,0.11876214800885247,-0.41719163169461876,0.4,1.0,0.0,0.0,6.123233995736766e-17
10.544444444,0.11881757967883236,-0.4168042482504967,0.4,1.0,0.0,0.0,6.123233995736766e-17
10.555555555,0.11887114737335959,-0.41642103291943067,0.4,1.0,0.0,0.0,6.123233995736766e-17
10.566666666,0.11892289194449474,-0.41604200023557003,0.4,1.0,0.0,0.0,6.123233995736766e-17
10.577777777,0.11897285388295471,-0.4156671643555912,0.4,1.0,0.0,0.0,6.123233995736766e-17
10.588888888,0.1190210733132002,-0.4152965390652206,0.4,1.0,0.0,0.0,6.123233995736766e-17
10.599999999,0.1190675899886242,-0.4149301377857299,0.4,1.0,0.0,0.0,6.123233995736766e-17
10.611111111,0.1191124432868402,-0.4145679735804014,0.4,1.0,0.0,0.0,6.123233995736766e-17
10.622222222,0.11915567220506945,-0.41421005916096204,0.4,1.0,0.0,0.0,6.123233995736766e-17
10.633333333,0.1191973153556251,-0.41385640689398456,0.4,1.0,0.0,0.0,6.123233995736766e-17
10.644444444,0.11923741096149328,-0.41350702880725293,0.4,1.0,0.0,0.0,6.123233995736766e-17
10.655555555,0.11927599685200907,-0.413161936596091,0.4,1.0,0.0,0.0,6.123233995736766e-17
10.666666666,0.11931311045862646,-0.41282114162965217,0.4,1.0,0.0,0.0,6.123233995736766e-17
10.677777777,0.11934878881078112,-0.4124846549571691,0.4,1.0,0.0,0.0,6.123233995736766e-17
10.688888888,0.1193830685318449,-0.41215248731416027,0.4,1.0,0.0,0.0,6.123233995736766e-17
10.700000000,0.11941598583517053,-0.4118246491285935,0.4,1.0,0.0,0.0,6.123233995736766e-17
10.711111111,0.11944757652022582,-0.4115011505270037,0.4,1.0,0.0,0.0,6.123233995736766e-17
10.722222222,0.11947787596881548,-0.41118200134056243,0.4,1.0,0.0,0.0,6.123233995736766e-17
10.733333333,0.11950691914139022,-0.4108672111111002,0.4,1.0,0.0,0.0,6.123233995736766e-17
10.744444444,0.11953474057344096,-0.41055678909707716,0.4,1.0,0.0,0.0,6.123233995736766e-17
10.755555555,0.11956137437197788,-0.41025074427950226,0.4,1.0,0.0,0.0,6.123233995736766e-17
10.766666666,0.11958685421209242,-0.40994908536779906,0.4,1.0,0.0,0.0,6.123233995736766e-17
10.777777777,0.11961121333360124,-0.4096518208056166,0.4,1.0,0.0,0.0,6.123233995736766e-17
10.788888888,0.11963448453777119,-0.40935895877658335,0.4,1.0,0.0,0.0,6.123233995736766e-17
10.800000000,0.11965670018412368,-0.40907050721000415,0.4,1.0,0.0,0.0,6.123233995736766e-17
10.811111111,0.11967789218731753,-0.4087864737864972,0.4,1.0,0.0,0.0,6.123233995736766e-17
10.822222222,0.11969809201410904,-0.4085068659435707,0.4,1.0,0.0,0.0,6.123233995736766e-17
10.833333333,0.11971733068038806,-0.4082316908811382,0.4,1.0,0.0,0.0,6.123233995736766e-17
10.844444444,0.11973563874828892,-0.40796095556696893,0.4,1.0,0.0,0.0,6.123233995736766e-17
10.855555555,0.119753046323375,-0.40769466674207555,0.4,1.0,0.0,0.0,6.123233995736766e-17
10.866666666,0.11976958305189586,-0.4074328309260347,0.4,1.0,0.0,0.0,6.123233995736766e-17
10.877777777,0.11978527811811573,-0.40717545442224135,0.4,1.0,0.0,0.0,6.123233995736766e-17
10.888888888,0.11980016024171204,-0.40692254332309435,0.4,1.0,0.0,0.0,6.123233995736766e-17
10.900000000,0.11981425767524315,-0.4066741035151127,0.4,1.0,0.0,0.0,6.123233995736766e-17
10.911111111,0.11982759820168397,-0.40643014068398065,0.4,1.0,0.0,0.0,6.123233995736766e-17
10.922222222,0.11984020913202834,-0.4061906603195226,0.4,1.0,0.0,0.0,6.123233995736766e-17
10.933333333,0.119852117302957,-0.40595566772060304,0.4,1.0,0.0,0.0,6.123233995736766e-17
10.944444444,0.11986334907457033,-0.4057251679999542,0.4,1.0,0.0,0.0,6.123233995736766e-17
10.955555555,0.11987393032818429,-0.4054991660889281,0.4,1.0,0.0,0.0,6.123233995736766e-17
10.966666666,0.11988388646418904,-0.4052776667421723,0.4,1.0,0.0,0.0,6.123233995736766e-17
10.977777777,0.11989324239996862,-0.40506067454222927,0.4,1.0,0.0,0.0,6.123233995736766e-17
10.988888888,0.11990202256788109,-0.4048481939040568,0.4,1.0,0.0,0.0,6.123233995736766e-17
11.000000000,0.11991025091329778,-0.4046402290794709,0.4,1.0,0.0,0.0,6.123233995736766e-17
11.011111111,0.1199179508927008,-0.4044367841615068,0.4,1.0,0.0,0.0,6.123233995736766e-17
11.022222222,0.11992514547183765,-0.40423786308870135,0.4,1.0,0.0,0.0,6.123233995736766e-17
11.033333333,0.11993185712393206,-0.40404346964929166,0.4,1.0,0.0,0.0,6.123233995736766e-17
11.044444444,0.11993810782795009,-0.40385360748533317,0.4,1.0,0.0,0.0,6.123233995736766e-17
11.055555555,0.11994391906692027,-0.40366828009673184,0.4,1.0,0.0,0.0,6.123233995736766e-17
11.066666666,0.11994931182630718,-0.40348749084519536,0.4,1.0,0.0,0.0,6.123233995736766e-17
11.077777777,0.11995430659243736,-0.40331124295809595,0.4,1.0,0.0,0.0,6.123233995736766e-17
11.088888888,0.11995892335097642,-0.40313953953225,0.4,1.0,0.0,0.0,6.123233995736766e-17
11.099999999,0.11996318158545706,-0.4029723835376097,0.4,1.0,0.0,0.0,6.123233995736766e-17
11.111111111,0.11996710027585629,-0.4028097778208681,0.4,1.0,0.0,0.0,6.123233995736766e-17
11.122222222,0.11997069789722165,-0.402651725108976,0.4,1.0,0.0,0.0,6.123233995736766e-17
11.133333333,0.11997399241834544,-0.4024982280125702,0.4,1.0,0.0,0.0,6.123233995736766e-17
11.144444444,0.11997700130048572,-0.40234928902931194,0.4,1.0,0.0,0.0,6.123233995736766e-17
11.155555555,0.11997974149613394,-0.402204910547137,0.4,1.0,0.0,0.0,6.123233995736766e-17
11.166666666,0.11998222944782776,-0.40206509484741304,0.4,1.0,0.0,0.0,6.123233995736766e-17
11.177777777,0.11998448108700886,-0.4019298441080076,0.4,1.0,0.0,0.0,6.123233995736766e-17
11.188888888,0.11998651183292451,-0.4017991604062632,0.4,1.0,0.0,0.0,6.123233995736766e-17
11.200000000,0.1199883365915725,-0.40167304572188073,0.4,1.0,0.0,0.0,6.123233995736766e-17
11.211111111,0.11998996975468855,-0.4015515019397102,0.4,1.0,0.0,0.0,6.123233995736766e-17
11.222222222,0.11999142519877568,-0.4014345308524472,0.4,1.0,0.0,0.0,6.123233995736766e-17
11.233333333,0.11999271628417453,-0.40132213416323653,0.4,1.0,0.0,0.0,6.123233995736766e-17
11.244444444,0.11999385585417455,-0.401214313488181,0.4,1.0,0.0,0.0,6.123233995736766e-17
11.255555555,0.11999485623416487,-0.4011110703587556,0.4,1.0,0.0,0.0,6.123233995736766e-17
11.266666666,0.11999572923082451,-0.4010124062241262,0.4,1.0,0.0,0.0,6.123233995736766e-17
11.277777777,0.11999648613135148,-0.40091832245337267,0.4,1.0,0.0,0.0,6.123233995736766e-17
11.288888888,0.11999713770273002,-0.40082882033761674,0.4,1.0,0.0,0.0,6.123233995736766e-17
11.300000000,0.11999769419103537,-0.400743901092052,0.4,1.0,0.0,0.0,6.123233995736766e-17
11.311111111,0.11999816532077588,-0.40066356585787827,0.4,1.0,0.0,0.0,6.123233995736766e-17
11.322222222,0.11999856029427172,-0.4005878157041387,0.4,1.0,0.0,0.0,6.123233995736766e-17
11.333333333,0.11999888779106987,-0.4005166516294586,0.4,1.0,0.0,0.0,6.123233995736766e-17
11.344444444,0.1199991559673947,-0.40045007456368714,0.4,1.0,0.0,0.0,6.123233995736766e-17
11.355555555,0.11999937245563422,-0.4003880853694414,0.4,1.0,0.0,0.0,6.123233995736766e-17
11.366666666,0.11999954436386101,-0.40033068484355144,0.4,1.0,0.0,0.0,6.123233995736766e-17
11.377777777,0.11999967827538796,-0.40027787371840673,0.4,1.0,0.0,0.0,6.123233995736766e-17
11.388888888,0.11999978024835829,-0.400229652663204,0.4,1.0,0.0,0.0,6.123233995736766e-17
11.400000000,0.1199998558153694,-0.4001860222850966,0.4,1.0,0.0,0.0,6.123233995736766e-17
11.411111111,0.11999990998313051,-0.40014698313024355,0.4,1.0,0.0,0.0,6.123233995736766e-17
11.422222222,0.11999994723215363,-0.40011253568475963,0.4,1.0,0.0,0.0,6.123233995736766e-17
11.433333333,0.11999997151647786,-0.40008268037556666,0.4,1.0,0.0,0.0,6.123233995736766e-17
11.444444444,0.1199999862634264,-0.40005741757114366,0.4,1.0,0.0,0.0,6.123233995736766e-17
11.455555555,0.11999999437339655,-0.4000367475821782,0.4,1.0,0.0,0.0,6.123233995736766e-17
11.466666666,0.11999999821968219,-0.4000206706621177,0.4,1.0,0.0,0.0,6.123233995736766e-17
11.477777777,0.1199999996483287,-0.4000091870076197,0.4,1.0,0.0,0.0,6.123233995736766e-17
11.488888888,0.11999999997802041,-0.4000022967589034,0.4,1.0,0.0,0.0,6.123233995736766e-17
11.500000000,0.12,-0.4000000000000001,0.4,1.0,0.0,0.0,6.123233995736766e-17
