1756018809.897125959,0.021065091,-0.001050124,0.224904181,-0.682544217,0.730001096,0.026222088,-0.023327969
1756018809.908236980,0.021058466,-0.001058002,0.224908515,-0.682558304,0.729989904,0.026260593,-0.023222456
1756018809.919348240,0.021052525,-0.001064797,0.224917053,-0.682571858,0.729979846,0.026285280,-0.023112046
1756018809.930459023,0.021046585,-0.001071592,0.224925590,-0.682585402,0.729969780,0.026309966,-0.023001640
1756018809.941570282,0.021029940,-0.001075951,0.224910606,-0.682605664,0.729950356,0.026411736,-0.022899922
1756018809.952681541,0.021011352,-0.001079868,0.224891353,-0.682627130,0.729929218,0.026527496,-0.022799781
1756018809.963792562,0.020992764,-0.001083785,0.224872100,-0.682648579,0.729908063,0.026643253,-0.022699641
1756018809.974903822,0.020983548,-0.001062778,0.224866576,-0.682670179,0.729889561,0.026691264,-0.022588303
1756018809.986014605,0.020976021,-0.001037282,0.224863525,-0.682691798,0.729871530,0.026727065,-0.022474951
1756018809.997125864,0.020968493,-0.001011784,0.224860474,-0.682713407,0.729853487,0.026762868,-0.022361594
1756018810.008237123,0.020954804,-0.000897301,0.224841076,-0.682737866,0.729830602,0.026804036,-0.022312387
1756018810.019348145,0.020939988,-0.000766556,0.224818690,-0.682762844,0.729806831,0.026846184,-0.022274907
1756018810.030459166,0.020925173,-0.000635812,0.224796304,-0.682787819,0.729783056,0.026888332,-0.022237427
1756018810.041570187,0.020902732,-0.000440583,0.224807150,-0.682789412,0.729784404,0.026831567,-0.022212810
1756018810.052681446,0.020878914,-0.000233714,0.224823993,-0.682786783,0.729790282,0.026756952,-0.022190515
1756018810.063792706,0.020855096,-0.000026845,0.224840836,-0.682784150,0.729796155,0.026682336,-0.022168219
1756018810.074903727,0.020821787,0.000199861,0.224824800,-0.682788654,0.729791733,0.026659161,-0.022202919
1756018810.086014748,0.020786701,0.000430279,0.224802614,-0.682794493,0.729785384,0.026645607,-0.022248281
1756018810.097126007,0.020751615,0.000660702,0.224780427,-0.682800330,0.729779033,0.026632053,-0.022293644
1756018810.108237028,0.020750337,0.000861745,0.224796461,-0.682811506,0.729769147,0.026601151,-0.022311839
1756018810.119348288,0.020755560,0.001057144,0.224819848,-0.682823707,0.729758581,0.026566911,-0.022324809
1756018810.130459070,0.020760784,0.001252534,0.224843233,-0.682835908,0.729748014,0.026532672,-0.022337779
1756018810.141570330,0.020724745,0.001490725,0.224814363,-0.682847864,0.729735459,0.026529079,-0.022386669
1756018810.152681589,0.020680849,0.001737065,0.224775543,-0.682859772,0.729722522,0.026531321,-0.022442398
1756018810.163792610,0.020636953,0.001983400,0.224736724,-0.682871678,0.729709583,0.026533564,-0.022498126
1756018810.174903870,0.020632591,0.002227713,0.224741426,-0.682875425,0.729707140,0.026472847,-0.022535125
1756018810.186014652,0.020635862,0.002471624,0.224754530,-0.682877593,0.729706719,0.026399979,-0.022568506
1756018810.197125912,0.020639132,0.002715546,0.224767634,-0.682879757,0.729706294,0.026327108,-0.022601889
1756018810.208237171,0.020614840,0.002980852,0.224740186,-0.682880093,0.729706601,0.026284998,-0.022630801
1756018810.219348192,0.020585242,0.003250268,0.224704933,-0.682880076,0.729707049,0.026248811,-0.022658852
1756018810.230459213,0.020555645,0.003519684,0.224669680,-0.682880058,0.729707496,0.026212624,-0.022686903
1756018810.241570234,0.020542813,0.003764435,0.224665663,-0.682877971,0.729710618,0.026169872,-0.022698642
1756018810.252681494,0.020533214,0.004004433,0.224667670,-0.682875484,0.729714255,0.026125852,-0.022707237
1756018810.263792753,0.020523615,0.004244432,0.224669677,-0.682872996,0.729717891,0.026081832,-0.022715831
1756018810.274903774,0.020518416,0.004509621,0.224637978,-0.682895141,0.729693190,0.026133275,-0.022784351
1756018810.286014795,0.020514064,0.004779654,0.224599800,-0.682922013,0.729663034,0.026203069,-0.022864390
1756018810.297125816,0.020509711,0.005049686,0.224561622,-0.682948876,0.729632869,0.026272862,-0.022944429
1756018810.308237076,0.020517030,0.005315375,0.224555774,-0.682923449,0.729657533,0.026241410,-0.022952883
1756018810.319348335,0.020526589,0.005580229,0.224556128,-0.682887987,0.729692717,0.026190530,-0.022947602
1756018810.330459118,0.020536148,0.005845072,0.224556483,-0.682852523,0.729727895,0.026139653,-0.022942320
1756018810.341570377,0.020521980,0.006124685,0.224519738,-0.682845314,0.729732282,0.026162697,-0.022991046
1756018810.352681398,0.020503235,0.006407138,0.224475837,-0.682843553,0.729730725,0.026200000,-0.023050188
1756018810.363792658,0.020484490,0.006689598,0.224431935,-0.682841788,0.729729165,0.026237303,-0.023109331
1756018810.374903917,0.020452812,0.006966342,0.224420876,-0.682856056,0.729716161,0.026219801,-0.023118247
1756018810.386014700,0.020418621,0.007241963,0.224416202,-0.682873439,0.729700932,0.026191646,-0.023117399
1756018810.397125959,0.020384428,0.007517596,0.224411528,-0.682890822,0.729685701,0.026163489,-0.023116551
1756018810.408236980,0.020327747,0.007810869,0.224387453,-0.682891365,0.729686240,0.026121563,-0.023130915
1756018810.419348240,0.020266666,0.008107600,0.224359582,-0.682888612,0.729689862,0.026076942,-0.023148255
1756018810.430459023,0.020205587,0.008404318,0.224331713,-0.682885858,0.729693482,0.026032323,-0.023165594
1756018810.441570282,0.020176938,0.008707951,0.224322545,-0.682843601,0.729733059,0.026022971,-0.023175089
1756018810.452681541,0.020154472,0.009012898,0.224316943,-0.682793810,0.729779486,0.026020343,-0.023183089
1756018810.463792562,0.020132006,0.009317840,0.224311340,-0.682744017,0.729825910,0.026017715,-0.023191088
1756018810.474903822,0.020104039,0.009643597,0.224291307,-0.682723837,0.729843532,0.026017632,-0.023230668
1756018810.486014605,0.020075026,0.009973297,0.224268530,-0.682709286,0.729855677,0.026018034,-0.023276251
1756018810.497125864,0.020046012,0.010303011,0.224245753,-0.682694733,0.729867820,0.026018436,-0.023321836
1756018810.508237123,0.020041032,0.010652272,0.224238090,-0.682709910,0.729851372,0.026031823,-0.023377280
1756018810.519348145,0.020040686,0.011005295,0.224233343,-0.682730819,0.729829408,0.026047713,-0.023434623
1756018810.530459166,0.020040341,0.011358319,0.224228596,-0.682751724,0.729807440,0.026063604,-0.023491967
1756018810.541570187,0.020040559,0.011706789,0.224246796,-0.682733697,0.729822936,0.026049394,-0.023550163
1756018810.552681446,0.020040883,0.012054409,0.224269321,-0.682708328,0.729845491,0.026029511,-0.023608520
1756018810.563792706,0.020041207,0.012402029,0.224291846,-0.682682957,0.729868042,0.026009628,-0.023666878
1756018810.574903727,0.020014720,0.012761585,0.224288332,-0.682667941,0.729882976,0.025979585,-0.023672441
1756018810.586014748,0.019983148,0.013123406,0.224279880,-0.682654889,0.729896466,0.025947614,-0.023667991
1756018810.597126007,0.019951575,0.013485234,0.224271428,-0.682641835,0.729909955,0.025915644,-0.023663542
1756018810.608237028,0.019929397,0.013863689,0.224247058,-0.682649643,0.729902080,0.025903797,-0.023694119
1756018810.619348288,0.019909013,0.014245329,0.224219647,-0.682661435,0.729890125,0.025895794,-0.023731386
1756018810.630459070,0.019888629,0.014626953,0.224192237,-0.682673225,0.729878169,0.025887790,-0.023768652
1756018810.641570330,0.019840623,0.015015453,0.224168216,-0.682662899,0.729886779,0.025889764,-0.023798655
1756018810.652681589,0.019787344,0.015405263,0.224144841,-0.682648351,0.729899315,0.025893642,-0.023827271
1756018810.663792610,0.019734067,0.015795064,0.224121468,-0.682633802,0.729911849,0.025897521,-0.023855886
1756018810.674903870,0.019679735,0.016205331,0.224102945,-0.682646097,0.729899260,0.025890238,-0.023897126
1756018810.686014652,0.019625202,0.016619503,0.224085353,-0.682663535,0.729881853,0.025880816,-0.023940784
1756018810.697125912,0.019570667,0.017033693,0.224067761,-0.682680973,0.729864444,0.025871394,-0.023984445
1756018810.708237171,0.019524886,0.017449644,0.224041861,-0.682681295,0.729864342,0.025861695,-0.023988846
1756018810.719348192,0.019480801,0.017865928,0.224014353,-0.682678302,0.729867592,0.025851944,-0.023985644
1756018810.730459213,0.019436716,0.018282212,0.223986845,-0.682675309,0.729870843,0.025842192,-0.023982442
1756018810.741570234,0.019372086,0.018702143,0.223958818,-0.682693539,0.729852741,0.025845213,-0.024011100
1756018810.752681494,0.019303468,0.019122791,0.223930688,-0.682715887,0.729830495,0.025850713,-0.024045942
1756018810.763792753,0.019234849,0.019543440,0.223902559,-0.682738234,0.729808246,0.025856213,-0.024080784
1756018810.774903774,0.019173335,0.019981879,0.223896207,-0.682738893,0.729807920,0.025842606,-0.024086569
1756018810.786014795,0.019113205,0.020423788,0.223894098,-0.682735326,0.729811867,0.025825276,-0.024086691
1756018810.797125816,0.019053076,0.020865696,0.223891989,-0.682731759,0.729815813,0.025807946,-0.024086812
1756018810.808237076,0.018991356,0.021337521,0.223874744,-0.682768697,0.729779657,0.025808741,-0.024134371
1756018810.819348335,0.018929327,0.021815195,0.223854540,-0.682813551,0.729735654,0.025813080,-0.024191207
1756018810.830459118,0.018867300,0.022292848,0.223834337,-0.682858398,0.729691648,0.025817419,-0.024248040
1756018810.841570377,0.018803107,0.022752897,0.223819846,-0.682850676,0.729698695,0.025807427,-0.024264083
1756018810.852681398,0.018738493,0.023209483,0.223806475,-0.682832655,0.729715743,0.025794629,-0.024272136
1756018810.863792658,0.018673877,0.023666079,0.223793104,-0.682814633,0.729732791,0.025781830,-0.024280189
1756018810.874903917,0.018594668,0.024153477,0.223758078,-0.682837288,0.729709069,0.025798297,-0.024338472
1756018810.886014700,0.018512589,0.024646919,0.223718788,-0.682867949,0.729677312,0.025820528,-0.024406646
1756018810.897125959,0.018430506,0.025140383,0.223679496,-0.682898607,0.729645549,0.025842760,-0.024474823
1756018810.908236980,0.018357734,0.025631263,0.223666354,-0.682903719,0.729639840,0.025842113,-0.024503076
1756018810.919348240,0.018286813,0.026121642,0.223658414,-0.682903749,0.729639313,0.025836915,-0.024523388
1756018810.930459023,0.018215895,0.026612000,0.223650474,-0.682903779,0.729638786,0.025831718,-0.024543699
1756018810.941570282,0.018124849,0.027085362,0.223633349,-0.682886695,0.729653657,0.025832552,-0.024576029
1756018810.952681541,0.018029776,0.027555319,0.223614386,-0.682866185,0.729671610,0.025834593,-0.024610764
1756018810.963792562,0.017934706,0.028025266,0.223595423,-0.682845673,0.729689560,0.025836634,-0.024645499
1756018810.974903822,0.017806423,0.028517018,0.223568065,-0.682852315,0.729684972,0.025803964,-0.024631555
1756018810.986014605,0.017671462,0.029013134,0.223539019,-0.682864419,0.729675847,0.025764309,-0.024607816
1756018810.997125864,0.017536496,0.029509272,0.223509971,-0.682876522,0.729666719,0.025724652,-0.024584075
1756018811.008237123,0.017409670,0.029987465,0.223527439,-0.682850718,0.729695478,0.025642081,-0.024533437
1756018811.019348145,0.017284463,0.030462085,0.223554142,-0.682817380,0.729731750,0.025550990,-0.024477458
1756018811.030459166,0.017159255,0.030936705,0.223580845,-0.682784031,0.729768012,0.025459898,-0.024421479
1756018811.041570187,0.017027861,0.031447952,0.223560583,-0.682758762,0.729790306,0.025474612,-0.024446385
1756018811.052681446,0.016895231,0.031966514,0.223530954,-0.682735102,0.729809814,0.025510425,-0.024487421
1756018811.063792706,0.016762600,0.032485075,0.223501325,-0.682711439,0.729829320,0.025546237,-0.024528457
1756018811.074903727,0.016629092,0.032998197,0.223486294,-0.682709518,0.729827453,0.025585971,-0.024595952
1756018811.086014748,0.016495409,0.033510234,0.223474183,-0.682711941,0.729821308,0.025626490,-0.024668737
1756018811.097126007,0.016361722,0.034022281,0.223462071,-0.682714359,0.729815159,0.025667009,-0.024741524
1756018811.108237028,0.016186647,0.034560520,0.223447228,-0.682738077,0.729793323,0.025657854,-0.024740606
1756018811.119348288,0.016003247,0.035104038,0.223431837,-0.682766077,0.729768334,0.025638714,-0.024724872
1756018811.130459070,0.015819855,0.035647533,0.223416446,-0.682794075,0.729743343,0.025619575,-0.024709138
1756018811.141570330,0.015657725,0.036178424,0.223390913,-0.682772802,0.729761722,0.025630898,-0.024742408
1756018811.152681589,0.015499873,0.036706774,0.223363340,-0.682741616,0.729788822,0.025648350,-0.024785536
1756018811.163792610,0.015342024,0.037235112,0.223335768,-0.682710428,0.729815919,0.025665802,-0.024828662
1756018811.174903870,0.015176684,0.037766060,0.223312829,-0.682677024,0.729843507,0.025706923,-0.024893587
1756018811.186014652,0.015009830,0.038297513,0.223290833,-0.682643166,0.729871187,0.025752851,-0.024962936
1756018811.197125912,0.014842969,0.038828989,0.223268836,-0.682609301,0.729898863,0.025798781,-0.025032289
1756018811.208237171,0.014654923,0.039403481,0.223227618,-0.682658457,0.729855072,0.025769520,-0.024998740
1756018811.219348192,0.014462553,0.039986751,0.223182474,-0.682724569,0.729796671,0.025724895,-0.024944167
1756018811.230459213,0.014270183,0.040570021,0.223137329,-0.682790672,0.729738262,0.025680270,-0.024889593
1756018811.241570234,0.014076357,0.041151864,0.223104337,-0.682784921,0.729748461,0.025591573,-0.024839642
1756018811.252681494,0.013882232,0.041733429,0.223073816,-0.682764542,0.729772612,0.025493906,-0.024790630
1756018811.263792753,0.013688106,0.042314995,0.223043295,-0.682744155,0.729796754,0.025396239,-0.024741618
1756018811.274903774,0.013476678,0.042894518,0.222985497,-0.682714767,0.729822419,0.025432205,-0.024758570
1756018811.286014795,0.013261690,0.043473623,0.222922086,-0.682683524,0.729848394,0.025495664,-0.024789093
1756018811.297125816,0.013046702,0.044052728,0.222858675,-0.682652276,0.729874365,0.025559123,-0.024819615
1756018811.308237076,0.012841753,0.044626270,0.222852333,-0.682669653,0.729858298,0.025536049,-0.024837872
1756018811.319348335,0.012638883,0.045198659,0.222857801,-0.682697091,0.729833531,0.025495067,-0.024853591
1756018811.330459118,0.012436022,0.045771022,0.222863269,-0.682724526,0.729808762,0.025454086,-0.024869308
1756018811.341570377,0.012186534,0.046340055,0.222803075,-0.682739768,0.729791664,0.025502631,-0.024902859
1756018811.352681398,0.011927464,0.046908386,0.222729378,-0.682752498,0.729776141,0.025569588,-0.024940077
1756018811.363792658,0.011668389,0.047476729,0.222655679,-0.682765224,0.729760613,0.025636545,-0.024977295
1756018811.374903917,0.011416823,0.048047527,0.222644991,-0.682767309,0.729761706,0.025569999,-0.024956546
1756018811.386014700,0.011166813,0.048618805,0.222647274,-0.682767199,0.729766214,0.025475974,-0.024923864
1756018811.397125959,0.010916793,0.049190108,0.222649558,-0.682767082,0.729770716,0.025381944,-0.024891180
1756018811.408236980,0.010617097,0.049753911,0.222597955,-0.682724803,0.729809997,0.025385157,-0.024895887
1756018811.419348240,0.010307090,0.050316173,0.222535176,-0.682673777,0.729856489,0.025408538,-0.024908347
1756018811.430459023,0.009997097,0.050878410,0.222472400,-0.682622749,0.729902975,0.025431917,-0.024920807
1756018811.441570282,0.009725757,0.051475054,0.222425484,-0.682620636,0.729905843,0.025417070,-0.024909853
1756018811.452681541,0.009462465,0.052078854,0.222381872,-0.682628706,0.729899629,0.025394265,-0.024894025
1756018811.463792562,0.009199179,0.052682642,0.222338260,-0.682636775,0.729893416,0.025371461,-0.024878198
1756018811.474903822,0.008895484,0.053266398,0.222262107,-0.682630292,0.729895812,0.025438847,-0.024916931
1756018811.486014605,0.008583296,0.053845908,0.222179105,-0.682620739,0.729900015,0.025525219,-0.024967151
1756018811.497125864,0.008271094,0.054425443,0.222096101,-0.682611178,0.729904210,0.025611594,-0.025017372
1756018811.508237123,0.007968414,0.055010878,0.222058434,-0.682608370,0.729907622,0.025607493,-0.024998675
1756018811.519348145,0.007667756,0.055597549,0.222030369,-0.682606990,0.729910867,0.025584234,-0.024965384
1756018811.530459166,0.007367098,0.056184221,0.222002304,-0.682605610,0.729914110,0.025560974,-0.024932093
1756018811.541570187,0.007023695,0.056766128,0.221956187,-0.682565070,0.729952729,0.025569691,-0.024902413
1756018811.552681446,0.006671179,0.057347034,0.221906223,-0.682516182,0.729998881,0.025585220,-0.024873501
1756018811.563792706,0.006318662,0.057927939,0.221856260,-0.682467291,0.730045029,0.025600749,-0.024844589
1756018811.574903727,0.005987581,0.058551323,0.221823665,-0.682484501,0.730028047,0.025625725,-0.024845095
1756018811.586014748,0.005661108,0.059183844,0.221794805,-0.682515922,0.729997490,0.025652732,-0.024851925
1756018811.597126007,0.005334628,0.059816378,0.221765944,-0.682547342,0.729966930,0.025679740,-0.024858756
1756018811.608237028,0.004926323,0.060402491,0.221715943,-0.682536248,0.729979574,0.025662300,-0.024810031
1756018811.619348288,0.004500336,0.060978594,0.221661376,-0.682515970,0.730001546,0.025635261,-0.024749307
1756018811.630459070,0.004074368,0.061554673,0.221606812,-0.682495688,0.730023512,0.025608223,-0.024688585
1756018811.641570330,0.003688760,0.062159484,0.221581553,-0.682500346,0.730021035,0.025596579,-0.024645108
1756018811.652681589,0.003311730,0.062770393,0.221562520,-0.682510301,0.730013364,0.025588206,-0.024605296
1756018811.663792610,0.002934708,0.063381290,0.221543488,-0.682520255,0.730005692,0.025579833,-0.024565485
1756018811.674903870,0.002554238,0.063986197,0.221547101,-0.682503657,0.730023347,0.025549018,-0.024534030
1756018811.686014652,0.002173045,0.064589790,0.221555578,-0.682481355,0.730046439,0.025513383,-0.024504372
1756018811.697125912,0.001791836,0.065193408,0.221564055,-0.682459050,0.730069530,0.025477747,-0.024474712
1756018811.708237171,0.001379890,0.065798905,0.221545826,-0.682428714,0.730096129,0.025510490,-0.024493018
1756018811.719348192,0.000961277,0.066404797,0.221521796,-0.682396632,0.730123487,0.025558084,-0.024521742
1756018811.730459213,0.000542664,0.067010689,0.221497766,-0.682364546,0.730150841,0.025605677,-0.024550466
1756018811.741570234,0.000136688,0.067657149,0.221490594,-0.682369580,0.730145912,0.025583423,-0.024580324
1756018811.752681494,-0.000266585,0.068312325,0.221487036,-0.682382575,0.730134057,0.025546185,-0.024610426
1756018811.763792753,-0.000669859,0.068967501,0.221483479,-0.682395568,0.730122200,0.025508947,-0.024640528
1756018811.774903774,-0.001109746,0.069594395,0.221446739,-0.682363803,0.730149343,0.025543944,-0.024679645
1756018811.786014795,-0.001557512,0.070215206,0.221402858,-0.682322402,0.730184873,0.025594484,-0.024720701
1756018811.797125816,-0.002005279,0.070836017,0.221358977,-0.682280997,0.730220397,0.025645024,-0.024761757
1756018811.808237076,-0.002443004,0.071450407,0.221349813,-0.682266678,0.730234364,0.025630380,-0.024759602
1756018811.819348335,-0.002878555,0.072063406,0.221348159,-0.682258217,0.730243667,0.025601634,-0.024748098
1756018811.830459118,-0.003314087,0.072676378,0.221346505,-0.682249757,0.730252968,0.025572889,-0.024736596
1756018811.841570377,-0.003784467,0.073315162,0.221333692,-0.682272686,0.730234052,0.025538180,-0.024698449
1756018811.852681398,-0.004262402,0.073959532,0.221318455,-0.682302429,0.730209004,0.025502177,-0.024654517
1756018811.863792658,-0.004740348,0.074603916,0.221303218,-0.682332170,0.730183952,0.025466174,-0.024610584
1756018811.874903917,-0.005235383,0.075227056,0.221276066,-0.682338719,0.730176517,0.025498959,-0.024615639
1756018811.886014700,-0.005734130,0.075845528,0.221246313,-0.682340200,0.730172930,0.025546768,-0.024631395
1756018811.897125959,-0.006232898,0.076464027,0.221216558,-0.682341680,0.730169341,0.025594579,-0.024647152
1756018811.908236980,-0.006745839,0.077073918,0.221204391,-0.682329272,0.730181151,0.025579951,-0.024655983
1756018811.919348240,-0.007261883,0.077681948,0.221196056,-0.682313835,0.730196317,0.025551713,-0.024663306
1756018811.930459023,-0.007777905,0.078289953,0.221187721,-0.682298399,0.730211481,0.025523476,-0.024670628
1756018811.941570282,-0.008320711,0.078893136,0.221171699,-0.682290129,0.730221961,0.025477647,-0.024636489
1756018811.952681541,-0.008869367,0.079495259,0.221153996,-0.682283423,0.730231415,0.025427972,-0.024593286
1756018811.963792562,-0.009418011,0.080097369,0.221136293,-0.682276714,0.730240865,0.025378298,-0.024550084
1756018811.974903822,-0.009977710,0.080699926,0.221101149,-0.682255060,0.730258597,0.025412772,-0.024588746
1756018811.986014605,-0.010539798,0.081302551,0.221062195,-0.682230137,0.730278133,0.025465629,-0.024645294
1756018811.997125864,-0.011101910,0.081905203,0.221023239,-0.682205209,0.730297664,0.025518488,-0.024701844
1756018812.008237123,-0.011669640,0.082501598,0.221017417,-0.682191561,0.730313769,0.025470897,-0.024651712
1756018812.019348145,-0.012238588,0.083096608,0.221018858,-0.682180379,0.730329115,0.025401292,-0.024578201
1756018812.030459166,-0.012807537,0.083691619,0.221020299,-0.682169190,0.730344454,0.025331685,-0.024504689
1756018812.041570187,-0.013411418,0.084293080,0.220981601,-0.682176374,0.730336289,0.025363288,-0.024515364
1756018812.052681446,-0.014022987,0.084895972,0.220934085,-0.682187593,0.730322959,0.025417127,-0.024544534
1756018812.063792706,-0.014634556,0.085498864,0.220886568,-0.682198808,0.730309625,0.025470965,-0.024573704
1756018812.074903488,-0.015244732,0.086108616,0.220859342,-0.682224457,0.730283557,0.025508081,-0.024597851
1756018812.086014748,-0.015854633,0.086719911,0.220836582,-0.682253283,0.730254682,0.025541516,-0.024620893
1756018812.097126007,-0.016464534,0.087331205,0.220813822,-0.682282107,0.730225804,0.025574951,-0.024643935
1756018812.108237028,-0.017071347,0.087929571,0.220831032,-0.682251339,0.730257166,0.025518380,-0.024625066
1756018812.119348288,-0.017677492,0.088525090,0.220857091,-0.682207370,0.730301860,0.025441879,-0.024596917
1756018812.130459070,-0.018283611,0.089120583,0.220883150,-0.682163395,0.730346544,0.025365381,-0.024568769
1756018812.141570330,-0.018949055,0.089716954,0.220856131,-0.682158411,0.730350922,0.025365584,-0.024576832
1756018812.152681589,-0.019627636,0.090313514,0.220817353,-0.682162065,0.730346370,0.025382781,-0.024592917
1756018812.163792610,-0.020306203,0.090910061,0.220778577,-0.682165718,0.730341818,0.025399976,-0.024609002
1756018812.174903631,-0.020968893,0.091469922,0.220738776,-0.682152886,0.730353475,0.025423482,-0.024594448
1756018812.186014652,-0.021628045,0.092021608,0.220698747,-0.682136380,0.730368744,0.025448395,-0.024573068
1756018812.197125912,-0.022287211,0.092573305,0.220658717,-0.682119873,0.730384012,0.025473308,-0.024551686
1756018812.208237171,-0.022983446,0.093127976,0.220639336,-0.682100136,0.730401472,0.025487028,-0.024566344
1756018812.219348192,-0.023687934,0.093683297,0.220624561,-0.682079679,0.730419420,0.025498252,-0.024589040
1756018812.230459213,-0.024392422,0.094238619,0.220609785,-0.682059222,0.730437367,0.025509475,-0.024611735
1756018812.241570234,-0.025081324,0.094801473,0.220619557,-0.682067770,0.730431547,0.025463600,-0.024595051
1756018812.252681494,-0.025766751,0.095366027,0.220634827,-0.682082813,0.730420402,0.025404936,-0.024569547
1756018812.263792753,-0.026452177,0.095930580,0.220650096,-0.682097852,0.730409253,0.025346272,-0.024544043
1756018812.274903536,-0.027176177,0.096483421,0.220612678,-0.682114807,0.730390257,0.025390662,-0.024592215
1756018812.286014795,-0.027908915,0.097033649,0.220563373,-0.682132190,0.730369484,0.025458299,-0.024657008
1756018812.297125816,-0.028641638,0.097583866,0.220514070,-0.682149565,0.730348704,0.025525935,-0.024721800
1756018812.308237076,-0.029374149,0.098116145,0.220460927,-0.682141402,0.730354636,0.025561817,-0.024734733
1756018812.319348335,-0.030106609,0.098644357,0.220406915,-0.682127449,0.730366623,0.025590500,-0.024735911
1756018812.330459118,-0.030839038,0.099172545,0.220352905,-0.682113496,0.730378609,0.025619182,-0.024737088
1756018812.341570377,-0.031590135,0.099699614,0.220328539,-0.682113299,0.730381086,0.025574991,-0.024715125
1756018812.352681398,-0.032345463,0.100226412,0.220310930,-0.682116234,0.730381392,0.025514192,-0.024687889
1756018812.363792658,-0.033100807,0.100753221,0.220293321,-0.682119167,0.730381695,0.025453392,-0.024660652
1756018812.374903440,-0.033896670,0.101264939,0.220272273,-0.682117863,0.730383314,0.025437524,-0.024665126
1756018812.386014700,-0.034701812,0.101773242,0.220250439,-0.682115594,0.730385234,0.025431898,-0.024676829
1756018812.397125959,-0.035506954,0.102281546,0.220228605,-0.682113324,0.730387153,0.025426272,-0.024688533
1756018812.408236980,-0.036291777,0.102763864,0.220207306,-0.682112697,0.730387675,0.025418272,-0.024698651
1756018812.419348240,-0.037071967,0.103240242,0.220186130,-0.682112446,0.730387877,0.025409728,-0.024708406
1756018812.430459023,-0.037852123,0.103716599,0.220164954,-0.682112195,0.730388079,0.025401184,-0.024718161
1756018812.441570282,-0.038675511,0.104190018,0.220170238,-0.682109295,0.730390021,0.025410985,-0.024730734
1756018812.452681541,-0.039508766,0.104662761,0.220181567,-0.682105789,0.730392360,0.025424976,-0.024743950
1756018812.463792562,-0.040342003,0.105135494,0.220192895,-0.682102284,0.730394699,0.025438968,-0.024757166
1756018812.474903584,-0.041185282,0.105587365,0.220169511,-0.682114165,0.730383190,0.025442158,-0.024766075
1756018812.486014605,-0.042030867,0.106034446,0.220138158,-0.682129578,0.730368501,0.025442870,-0.024773995
1756018812.497125864,-0.042876470,0.106481537,0.220106805,-0.682144992,0.730353812,0.025443581,-0.024781915
1756018812.508237123,-0.043744855,0.106924002,0.220080041,-0.682169083,0.730330086,0.025448802,-0.024812634
1756018812.519348145,-0.044618502,0.107365384,0.220054341,-0.682195183,0.730304264,0.025455068,-0.024848636
1756018812.530459166,-0.045492148,0.107806767,0.220028641,-0.682221281,0.730278439,0.025461333,-0.024884638
1756018812.541570187,-0.046362139,0.108223359,0.220009286,-0.682221629,0.730279680,0.025431984,-0.024868681
1756018812.552681446,-0.047231296,0.108634175,0.219991412,-0.682215967,0.730287237,0.025394321,-0.024840599
1756018812.563792706,-0.048100452,0.109044991,0.219973537,-0.682210303,0.730294791,0.025356659,-0.024812516
1756018812.574903488,-0.048980162,0.109462858,0.219947904,-0.682211644,0.730293336,0.025365300,-0.024809623
1756018812.586014748,-0.049862383,0.109882392,0.219920458,-0.682214622,0.730289777,0.025384751,-0.024812610
1756018812.597126007,-0.050744603,0.110301927,0.219893012,-0.682217599,0.730286218,0.025404201,-0.024815597
1756018812.608237028,-0.051677733,0.110689944,0.219861225,-0.682230961,0.730272059,0.025426583,-0.024842012
1756018812.619348288,-0.052622834,0.111070575,0.219828419,-0.682246758,0.730255410,0.025449654,-0.024873925
1756018812.630459070,-0.053567895,0.111451190,0.219795614,-0.682262553,0.730238761,0.025472724,-0.024905837
1756018812.641570330,-0.054514463,0.111811992,0.219783610,-0.682261463,0.730243050,0.025419349,-0.024864453
1756018812.652681589,-0.055461379,0.112168098,0.219776531,-0.682256369,0.730252292,0.025347873,-0.024805713
1756018812.663792610,-0.056408274,0.112524197,0.219769452,-0.682251269,0.730261526,0.025276399,-0.024746975
1756018812.674903631,-0.057387070,0.112855367,0.219741924,-0.682245028,0.730267046,0.025294202,-0.024737949
1756018812.686014652,-0.058373445,0.113180615,0.219709538,-0.682238516,0.730271684,0.025333211,-0.024740732
1756018812.697125912,-0.059359841,0.113505870,0.219677151,-0.682232003,0.730276320,0.025372220,-0.024743514
1756018812.708237171,-0.060340433,0.113811790,0.219664903,-0.682208251,0.730298043,0.025372505,-0.024756938
1756018812.719348192,-0.061319620,0.114113093,0.219657457,-0.682180389,0.730323839,0.025363556,-0.024772898
1756018812.730459213,-0.062298807,0.114414396,0.219650011,-0.682152526,0.730349634,0.025354606,-0.024788858
1756018812.741570234,-0.063280792,0.114717326,0.219650430,-0.682158882,0.730347393,0.025274475,-0.024761800
1756018812.752681494,-0.064263470,0.115020653,0.219652736,-0.682173438,0.730338420,0.025177269,-0.024724423
1756018812.763792753,-0.065246147,0.115323980,0.219655042,-0.682187987,0.730329440,0.025080063,-0.024687045
1756018812.774903536,-0.066245387,0.115610206,0.219619532,-0.682182287,0.730334747,0.025089569,-0.024677903
1756018812.786014795,-0.067248649,0.115892350,0.219574957,-0.682171734,0.730343478,0.025124648,-0.024675526
1756018812.797125816,-0.068251889,0.116174488,0.219530384,-0.682161180,0.730352209,0.025159726,-0.024673150
1756018812.808237076,-0.069256319,0.116425527,0.219501283,-0.682153751,0.730359111,0.025151695,-0.024682403
1756018812.819348335,-0.070261031,0.116669056,0.219475917,-0.682147076,0.730365573,0.025133256,-0.024694465
1756018812.830459118,-0.071265700,0.116912576,0.219450552,-0.682140401,0.730372033,0.025114818,-0.024706526
1756018812.841570377,-0.072300875,0.117149376,0.219420288,-0.682188439,0.730325975,0.025136872,-0.024719272
1756018812.852681398,-0.073343434,0.117384535,0.219388834,-0.682249775,0.730267141,0.025168772,-0.024732184
1756018812.863792658,-0.074386016,0.117619700,0.219357378,-0.682311106,0.730208300,0.025200672,-0.024745096
1756018812.874903440,-0.075435514,0.117822614,0.219331819,-0.682342578,0.730177822,0.025217880,-0.024759105
1756018812.886014700,-0.076486763,0.118017631,0.219307704,-0.682366729,0.730154298,0.025231486,-0.024773384
1756018812.897125959,-0.077538013,0.118212647,0.219283589,-0.682390879,0.730130773,0.025245091,-0.024787662
1756018812.908236980,-0.078590742,0.118362002,0.219301663,-0.682388307,0.730135739,0.025190261,-0.024767970
1756018812.919348240,-0.079643863,0.118500110,0.219330133,-0.682379147,0.730147721,0.025118568,-0.024739908
1756018812.930459023,-0.080696940,0.118638213,0.219358600,-0.682369984,0.730159697,0.025046878,-0.024711847
1756018812.941570282,-0.081778992,0.118784814,0.219322618,-0.682389334,0.730140531,0.025065716,-0.024724715
1756018812.952681541,-0.082868180,0.118933509,0.219270740,-0.682415716,0.730113682,0.025106881,-0.024747678
1756018812.963792562,-0.083957344,0.119082201,0.219218862,-0.682442094,0.730086830,0.025148046,-0.024770639
1756018812.974903584,-0.085016701,0.119193288,0.219202091,-0.682465090,0.730065958,0.025132944,-0.024767594
1756018812.986014605,-0.086068663,0.119295046,0.219194029,-0.682487246,0.730046568,0.025103884,-0.024758096
1756018812.997125864,-0.087120648,0.119396807,0.219185967,-0.682509401,0.730027176,0.025074824,-0.024748598
1756018813.008237123,-0.088208656,0.119477588,0.219146177,-0.682519612,0.730018811,0.025062784,-0.024725938
1756018813.019348145,-0.089305651,0.119553120,0.219098451,-0.682526834,0.730013204,0.025055002,-0.024699986
1756018813.030459166,-0.090402647,0.119628651,0.219050725,-0.682534056,0.730007597,0.025047219,-0.024674034
1756018813.041570187,-0.091505861,0.119674575,0.219016906,-0.682542266,0.730000310,0.025032672,-0.024677285
1756018813.052681446,-0.092610673,0.119713014,0.218986603,-0.682550726,0.729992598,0.025016413,-0.024687919
1756018813.063792706,-0.093715484,0.119751452,0.218956300,-0.682559185,0.729984885,0.025000154,-0.024698554
1756018813.074903488,-0.094834178,0.119748048,0.218929170,-0.682499774,0.730039126,0.025013081,-0.024724044
1756018813.086014748,-0.095956443,0.119734064,0.218902842,-0.682423193,0.730109026,0.025033388,-0.024753292
1756018813.097126007,-0.097078708,0.119720080,0.218876514,-0.682346603,0.730178917,0.025053695,-0.024782540
1756018813.108237028,-0.098176549,0.119701003,0.218860976,-0.682371452,0.730157675,0.025027140,-0.024751023
1756018813.119348288,-0.099268205,0.119680628,0.218848183,-0.682422102,0.730113246,0.024988664,-0.024704047
1756018813.130459070,-0.100359815,0.119660255,0.218835391,-0.682472744,0.730068812,0.024950190,-0.024657073
1756018813.141570330,-0.101467535,0.119598011,0.218802061,-0.682495444,0.730046116,0.024995571,-0.024654809
1756018813.152681589,-0.102579362,0.119525063,0.218763480,-0.682510998,0.730028974,0.025062390,-0.024663975
1756018813.163792610,-0.103691164,0.119452117,0.218724901,-0.682526549,0.730011828,0.025129206,-0.024673141
1756018813.174903631,-0.104799449,0.119364542,0.218697030,-0.682559518,0.729979024,0.025160528,-0.024699730
1756018813.186014652,-0.105906832,0.119273217,0.218671903,-0.682596950,0.729942204,0.025182750,-0.024730785
1756018813.197125912,-0.107014239,0.119181890,0.218646776,-0.682634381,0.729905379,0.025204973,-0.024761841
1756018813.208237171,-0.108156619,0.119045807,0.218618011,-0.682617092,0.729921904,0.025208128,-0.024748144
1756018813.219348192,-0.109308001,0.118898176,0.218588307,-0.682585680,0.729952195,0.025206362,-0.024722898
1756018813.230459213,-0.110459382,0.118750545,0.218558604,-0.682554268,0.729982483,0.025204596,-0.024697652
1756018813.241570234,-0.111553227,0.118606532,0.218529977,-0.682575469,0.729964286,0.025169878,-0.024684950
1756018813.252681494,-0.112632155,0.118463455,0.218501627,-0.682610333,0.729933495,0.025126603,-0.024675505
1756018813.263792753,-0.113711083,0.118320378,0.218473278,-0.682645193,0.729902701,0.025083327,-0.024666059
1756018813.274903536,-0.114816668,0.118139400,0.218439456,-0.682627137,0.729920829,0.025057936,-0.024655127
1756018813.286014795,-0.115929259,0.117948536,0.218404206,-0.682595291,0.729951704,0.025037204,-0.024643806
1756018813.297125816,-0.117041827,0.117757677,0.218368956,-0.682563443,0.729982577,0.025016472,-0.024632486
1756018813.308237076,-0.118200788,0.117538013,0.218330706,-0.682564238,0.729982312,0.025002355,-0.024632645
1756018813.319348335,-0.119371827,0.117310848,0.218291674,-0.682573536,0.729973936,0.024989961,-0.024635795
1756018813.330459118,-0.120542816,0.117083692,0.218252643,-0.682582833,0.729965560,0.024977567,-0.024638945
1756018813.341570377,-0.121676563,0.116842035,0.218217711,-0.682605017,0.729946460,0.024956720,-0.024611354
1756018813.352681398,-0.122800609,0.116596623,0.218183842,-0.682630543,0.729924574,0.024933680,-0.024575785
1756018813.363792658,-0.123924678,0.116351205,0.218149973,-0.682656068,0.729902686,0.024910639,-0.024540217
1756018813.374903440,-0.124988659,0.116027293,0.218128500,-0.682683712,0.729875860,0.024934375,-0.024544972
1756018813.386014700,-0.126037026,0.115682891,0.218110259,-0.682711908,0.729847743,0.024970312,-0.024560245
1756018813.397125959,-0.127085392,0.115338489,0.218092018,-0.682740103,0.729819624,0.025006249,-0.024575518
1756018813.408236980,-0.128226714,0.114969999,0.218063226,-0.682704276,0.729852749,0.025023363,-0.024569646
1756018813.419348240,-0.129392421,0.114595187,0.218031668,-0.682651671,0.729901918,0.025035546,-0.024558234
1756018813.430459023,-0.130558078,0.114220391,0.218000111,-0.682599065,0.729951081,0.025047729,-0.024546823
1756018813.441570282,-0.131663608,0.113861928,0.217963564,-0.682628454,0.729924813,0.025038239,-0.024520341
1756018813.452681541,-0.132753311,0.113507764,0.217925705,-0.682679406,0.729878702,0.025023050,-0.024489896
1756018813.463792562,-0.133842991,0.113153608,0.217887847,-0.682730354,0.729832588,0.025007860,-0.024459452
1756018813.474903584,-0.134927131,0.112763577,0.217798286,-0.682744452,0.729819981,0.024997717,-0.024452459
1756018813.486014605,-0.136009806,0.112364053,0.217695042,-0.682748799,0.729816242,0.024988909,-0.024451673
1756018813.497125864,-0.137092505,0.111964521,0.217591796,-0.682753147,0.729812503,0.024980101,-0.024450886
1756018813.508237123,-0.138195977,0.111575206,0.217575555,-0.682763068,0.729804640,0.024940378,-0.024449066
1756018813.519348145,-0.139304903,0.111188594,0.217582255,-0.682774458,0.729795689,0.024892503,-0.024446974
1756018813.530459166,-0.140413829,0.110801983,0.217588954,-0.682785846,0.729786736,0.024844629,-0.024444882
1756018813.541570187,-0.141528582,0.110350595,0.217548510,-0.682789007,0.729784756,0.024834295,-0.024426215
1756018813.552681446,-0.142644902,0.109882050,0.217495587,-0.682789991,0.729784620,0.024833898,-0.024403161
1756018813.563792706,-0.143761222,0.109413506,0.217442663,-0.682790974,0.729784485,0.024833500,-0.024380107
1756018813.574903488,-0.144848571,0.108871164,0.217397314,-0.682728211,0.729843210,0.024844929,-0.024368198
1756018813.586014748,-0.145928249,0.108309101,0.217353983,-0.682648427,0.729917636,0.024859513,-0.024359263
1756018813.597126007,-0.147007927,0.107747038,0.217310652,-0.682568635,0.729992054,0.024874097,-0.024350327
1756018813.608237028,-0.148079904,0.107229733,0.217281589,-0.682578032,0.729985073,0.024834048,-0.024337064
1756018813.619348288,-0.149149850,0.106724382,0.217256340,-0.682611276,0.729956325,0.024779388,-0.024322643
1756018813.630459070,-0.150219750,0.106219052,0.217231092,-0.682644515,0.729927575,0.024724731,-0.024308223
1756018813.641570330,-0.151283203,0.105660937,0.217165870,-0.682655920,0.729915938,0.024751017,-0.024310625
1756018813.652681589,-0.152344913,0.105088662,0.217089920,-0.682661464,0.729908892,0.024799026,-0.024317543
1756018813.663792610,-0.153406601,0.104516400,0.217013972,-0.682667006,0.729901846,0.024847034,-0.024324460
1756018813.674903631,-0.154399959,0.103933287,0.216958442,-0.682654155,0.729913912,0.024843943,-0.024326179
1756018813.686014652,-0.155374921,0.103347254,0.216908409,-0.682636353,0.729931125,0.024827094,-0.024326498
1756018813.697125912,-0.156349905,0.102761207,0.216858375,-0.682618549,0.729948337,0.024810246,-0.024326818
1756018813.708237171,-0.157374772,0.102172202,0.216855319,-0.682636900,0.729930788,0.024818216,-0.024330312
1756018813.719348192,-0.158413135,0.101582408,0.216864994,-0.682665047,0.729903818,0.024832911,-0.024334666
1756018813.730459213,-0.159451499,0.100992613,0.216874670,-0.682693194,0.729876847,0.024847607,-0.024339020
1756018813.741570234,-0.160508311,0.100304756,0.216879054,-0.682616973,0.729949039,0.024828752,-0.024331082
1756018813.752681494,-0.161570175,0.099590157,0.216881996,-0.682512293,0.730048245,0.024800752,-0.024319794
1756018813.763792753,-0.162632038,0.098875558,0.216884938,-0.682407599,0.730147435,0.024772752,-0.024308506
1756018813.774903536,-0.163582681,0.098183194,0.216887949,-0.682425121,0.730132683,0.024729870,-0.024303344
1756018813.786014795,-0.164502962,0.097496873,0.216890978,-0.682476064,0.730086771,0.024682917,-0.024299858
1756018813.797125816,-0.165423224,0.096810566,0.216894008,-0.682527000,0.730040854,0.024635965,-0.024296372
1756018813.808237076,-0.166395355,0.096048932,0.216823850,-0.682536544,0.730029221,0.024709015,-0.024303656
1756018813.819348335,-0.167381717,0.095266629,0.216733606,-0.682534720,0.730026990,0.024815000,-0.024313894
1756018813.830459118,-0.168368037,0.094484359,0.216643367,-0.682532888,0.730024751,0.024920980,-0.024324132
1756018813.841570377,-0.169317898,0.093712466,0.216618866,-0.682568367,0.729992744,0.024908658,-0.024301787
1756018813.852681398,-0.170257665,0.092943463,0.216612510,-0.682614138,0.729952520,0.024863687,-0.024270450
1756018813.863792658,-0.171197453,0.092174443,0.216606154,-0.682659906,0.729912289,0.024818714,-0.024239112
1756018813.874903440,-0.172115293,0.091358021,0.216571559,-0.682661507,0.729911051,0.024831556,-0.024218133
1756018813.886014700,-0.173027098,0.090528411,0.216529131,-0.682650862,0.729920625,0.024860431,-0.024200025
1756018813.897125959,-0.173938902,0.089698800,0.216486703,-0.682640216,0.729930198,0.024889306,-0.024181917
1756018813.908236980,-0.174855306,0.088854145,0.216436150,-0.682619477,0.729948350,0.024905186,-0.024203058
1756018813.919348240,-0.175773015,0.088005280,0.216383334,-0.682595927,0.729968890,0.024917449,-0.024235122
1756018813.930459023,-0.176690685,0.087156451,0.216330520,-0.682572377,0.729989427,0.024929712,-0.024267184
1756018813.941570282,-0.177547919,0.086311361,0.216310592,-0.682591926,0.729971744,0.024921239,-0.024257933
1756018813.952681541,-0.178388262,0.085467326,0.216299849,-0.682623513,0.729943384,0.024906975,-0.024237142
1756018813.963792562,-0.179228586,0.084623310,0.216289106,-0.682655097,0.729915023,0.024892711,-0.024216352
1756018813.974903584,-0.180060686,0.083711011,0.216269972,-0.682628572,0.729941020,0.024872030,-0.024201682
1756018813.986014605,-0.180890477,0.082779548,0.216248484,-0.682585737,0.729982271,0.024849549,-0.024188729
1756018813.997125864,-0.181720287,0.081848065,0.216226995,-0.682542899,0.730023520,0.024827067,-0.024175776
1756018814.008237123,-0.182562851,0.080908607,0.216186395,-0.682542810,0.730022269,0.024849297,-0.024193216
1756018814.019348145,-0.183409000,0.079966915,0.216140398,-0.682554797,0.730009012,0.024884156,-0.024219240
1756018814.030459166,-0.184255150,0.079025224,0.216094400,-0.682566781,0.729995752,0.024919016,-0.024245265
1756018814.041570187,-0.185024401,0.078081889,0.216072841,-0.682567451,0.729995628,0.024904765,-0.024244806
1756018814.052681446,-0.185771854,0.077138067,0.216058214,-0.682564911,0.729999229,0.024876581,-0.024236833
1756018814.063792706,-0.186519306,0.076194245,0.216043587,-0.682562370,0.730002829,0.024848398,-0.024228861
1756018814.074903488,-0.187344045,0.075208757,0.216029120,-0.682564801,0.730002812,0.024808600,-0.024201652
1756018814.086014748,-0.188190828,0.074211353,0.216014697,-0.682568646,0.730001764,0.024765494,-0.024168966
1756018814.097126007,-0.189037612,0.073213950,0.216000275,-0.682572488,0.730000713,0.024722388,-0.024136280
1756018814.108237028,-0.189764404,0.072219274,0.215867428,-0.682585941,0.729987861,0.024749071,-0.024117199
1756018814.119348288,-0.190457037,0.071225348,0.215700843,-0.682602129,0.729971646,0.024795635,-0.024101993
1756018814.130459070,-0.191149641,0.070231465,0.215534265,-0.682618315,0.729955428,0.024842197,-0.024086787
1756018814.141570330,-0.191832878,0.069210212,0.215488819,-0.682615867,0.729956784,0.024850767,-0.024106260
1756018814.152681589,-0.192513424,0.068181129,0.215478082,-0.682608079,0.729963173,0.024848451,-0.024135668
1756018814.163792610,-0.193193956,0.067152068,0.215467345,-0.682600291,0.729969562,0.024846135,-0.024165076
1756018814.174903631,-0.193860064,0.066096854,0.215489837,-0.682614730,0.729957544,0.024810343,-0.024157002
1756018814.186014652,-0.194522038,0.065034146,0.215521851,-0.682635537,0.729940250,0.024764957,-0.024138187
1756018814.197125912,-0.195184027,0.063971414,0.215553865,-0.682656343,0.729922953,0.024719570,-0.024119371
1756018814.208237171,-0.195861328,0.062879750,0.215469797,-0.682687145,0.729895441,0.024712771,-0.024087047
1756018814.219348192,-0.196543022,0.061779779,0.215352310,-0.682720823,0.729864988,0.024717081,-0.024050835
1756018814.230459213,-0.197224716,0.060679808,0.215234823,-0.682754499,0.729834532,0.024721391,-0.024014623
1756018814.241570234,-0.197820364,0.059556586,0.215165455,-0.682775790,0.729813836,0.024731226,-0.024028151
1756018814.252681494,-0.198391153,0.058426619,0.215109993,-0.682793500,0.729795960,0.024742658,-0.024056058
1756018814.263792753,-0.198961941,0.057296653,0.215054532,-0.682811210,0.729778083,0.024754090,-0.024083965
1756018814.274903536,-0.199591165,0.056163441,0.214958221,-0.682844896,0.729744817,0.024800103,-0.024089521
1756018814.286014795,-0.200237444,0.055029220,0.214850006,-0.682883235,0.729707063,0.024856191,-0.024088568
1756018814.297125816,-0.200883709,0.053895024,0.214741794,-0.682921569,0.729669305,0.024912278,-0.024087615
1756018814.308237076,-0.201435474,0.052735060,0.214689060,-0.682964961,0.729628253,0.024942187,-0.024069927
1756018814.319348335,-0.201959637,0.051567578,0.214652527,-0.683009828,0.729586236,0.024964449,-0.024047353
1756018814.330459118,-0.202483778,0.050400147,0.214615997,-0.683054690,0.729544217,0.024986710,-0.024024779
1756018814.341570377,-0.202932015,0.049213289,0.214583708,-0.683067109,0.729533032,0.024985472,-0.024012644
1756018814.352681398,-0.203357952,0.048020769,0.214552665,-0.683070002,0.729530899,0.024977334,-0.024003574
1756018814.363792658,-0.203783898,0.046828224,0.214521621,-0.683072896,0.729528767,0.024969195,-0.023994505
1756018814.374903440,-0.204191357,0.045656762,0.214492663,-0.683103047,0.729501762,0.024937586,-0.023990067
1756018814.386014700,-0.204593370,0.044491471,0.214464321,-0.683141261,0.729467395,0.024899032,-0.023986999
1756018814.397125959,-0.204995383,0.043326181,0.214435979,-0.683179471,0.729433025,0.024860478,-0.023983931
1756018814.408236980,-0.205410059,0.042150619,0.214400101,-0.683216559,0.729396991,0.024897088,-0.023985350
1756018814.419348240,-0.205828502,0.040971978,0.214361986,-0.683253312,0.729360460,0.024955990,-0.023988100
1756018814.430459023,-0.206246928,0.039793388,0.214323873,-0.683290059,0.729323926,0.025014890,-0.023990849
1756018814.441570282,-0.206625918,0.038558262,0.214302176,-0.683264102,0.729346918,0.025028618,-0.024016839
1756018814.452681541,-0.206993143,0.037306292,0.214285375,-0.683219443,0.729387659,0.025028875,-0.024049758
1756018814.463792562,-0.207360360,0.036054348,0.214268574,-0.683174782,0.729428396,0.025029133,-0.024082677
1756018814.474903584,-0.207669810,0.034845302,0.214286245,-0.683181829,0.729423408,0.025002712,-0.024061266
1756018814.486014605,-0.207961964,0.033649098,0.214314237,-0.683204356,0.729404729,0.024968304,-0.024023587
1756018814.497125864,-0.208254125,0.032452870,0.214342230,-0.683226881,0.729386047,0.024933895,-0.023985908
1756018814.508237123,-0.208536972,0.031256708,0.214301548,-0.683284319,0.729332732,0.024944274,-0.023960164
1756018814.519348145,-0.208817005,0.030060591,0.214240165,-0.683352274,0.729268971,0.024968154,-0.023938018
1756018814.530459166,-0.209097039,0.028864475,0.214178781,-0.683420223,0.729205203,0.024992034,-0.023915872
1756018814.541570187,-0.209324572,0.027653853,0.214176896,-0.683439537,0.729185722,0.025019110,-0.023929635
1756018814.552681446,-0.209536202,0.026438809,0.214193037,-0.683444114,0.729179659,0.025047155,-0.023954278
1756018814.563792706,-0.209747832,0.025223765,0.214209179,-0.683448690,0.729173596,0.025075200,-0.023978921
1756018814.574903488,-0.209957268,0.023995224,0.214213492,-0.683408775,0.729209970,0.025089821,-0.023995151
1756018814.586014748,-0.210166049,0.022762506,0.214214205,-0.683355311,0.729259259,0.025100357,-0.024008822
1756018814.597126007,-0.210374829,0.021529788,0.214214917,-0.683301844,0.729308545,0.025110892,-0.024022493
1756018814.608237028,-0.210552228,0.020311226,0.214189394,-0.683277646,0.729331312,0.025105096,-0.024025594
1756018814.619348288,-0.210720061,0.019096948,0.214155869,-0.683262375,0.729345994,0.025094319,-0.024025470
1756018814.630459070,-0.210887886,0.017882721,0.214122345,-0.683247104,0.729360675,0.025083543,-0.024025347
1756018814.641570330,-0.211012478,0.016657376,0.214133059,-0.683239952,0.729369146,0.025057447,-0.023998796
1756018814.652681589,-0.211123802,0.015428635,0.214157347,-0.683235290,0.729375710,0.025026650,-0.023964136
1756018814.663792610,-0.211235123,0.014199921,0.214181633,-0.683230626,0.729382272,0.024995854,-0.023929477
1756018814.674903631,-0.211319301,0.012962618,0.214174449,-0.683241920,0.729373891,0.024961046,-0.023898782
1756018814.686014652,-0.211395120,0.011722672,0.214157574,-0.683258126,0.729360907,0.024925003,-0.023869307
1756018814.697125912,-0.211470941,0.010482698,0.214140698,-0.683274331,0.729347921,0.024888959,-0.023839832
1756018814.708237171,-0.211524107,0.009246001,0.214124537,-0.683298336,0.729326887,0.024852728,-0.023833138
1756018814.719348192,-0.211570293,0.008010339,0.214108596,-0.683324741,0.729303372,0.024816440,-0.023833463
1756018814.730459213,-0.211616479,0.006774677,0.214092655,-0.683351145,0.729279855,0.024780153,-0.023833788
1756018814.741570234,-0.211620013,0.005525698,0.214084279,-0.683352448,0.729278094,0.024782664,-0.023847694
1756018814.752681494,-0.211610392,0.004272586,0.214078236,-0.683346008,0.729283044,0.024797143,-0.023865788
1756018814.763792753,-0.211600770,0.003019474,0.214072193,-0.683339568,0.729287994,0.024811623,-0.023883882
1756018814.774903536,-0.211561889,0.001742494,0.214123865,-0.683317486,0.729308002,0.024834507,-0.023880913
1756018814.786014795,-0.211513938,0.000458046,0.214193426,-0.683290554,0.729332678,0.024859998,-0.023871417
1756018814.797125816,-0.211465988,-0.000826374,0.214262985,-0.683263621,0.729357351,0.024885488,-0.023861920
1756018814.808237076,-0.211383683,-0.002082886,0.214294157,-0.683246941,0.729370903,0.024927802,-0.023881110
1756018814.819347858,-0.211290672,-0.003330635,0.214313361,-0.683233457,0.729380986,0.024975360,-0.023909240
1756018814.830459118,-0.211197658,-0.004578438,0.214332565,-0.683219970,0.729391067,0.025022920,-0.023937372
1756018814.841570377,-0.211124295,-0.005867424,0.214317031,-0.683211842,0.729400056,0.025024879,-0.023893367
1756018814.852681398,-0.211057106,-0.007169315,0.214290588,-0.683205394,0.729408700,0.025012517,-0.023826709
1756018814.863792658,-0.210989915,-0.008471235,0.214264145,-0.683198944,0.729417340,0.025000156,-0.023760050
1756018814.874903440,-0.210845902,-0.009738437,0.214269281,-0.683192976,0.729423822,0.025001780,-0.023730920
1756018814.886014700,-0.210677697,-0.010994781,0.214284358,-0.683187160,0.729429626,0.025007807,-0.023713603
1756018814.897125959,-0.210509492,-0.012251126,0.214299436,-0.683181343,0.729435430,0.025013835,-0.023696286
1756018814.908236980,-0.210288649,-0.013518297,0.214295249,-0.683149913,0.729463249,0.025041464,-0.023716869
1756018814.919348001,-0.210051097,-0.014788914,0.214284947,-0.683110349,0.729498053,0.025075949,-0.023749484
1756018814.930459023,-0.209813544,-0.016059531,0.214274645,-0.683070782,0.729532854,0.025110435,-0.023782098
1756018814.941570282,-0.209567534,-0.017334280,0.214276499,-0.683022747,0.729576129,0.025156283,-0.023785716
1756018814.952681541,-0.209318833,-0.018610336,0.214282222,-0.682972014,0.729622097,0.025205748,-0.023780102
1756018814.963792562,-0.209070137,-0.019886364,0.214287946,-0.682921277,0.729668060,0.025255212,-0.023774488
1756018814.974903584,-0.208741763,-0.021102113,0.214331359,-0.682927301,0.729662702,0.025232694,-0.023789780
1756018814.986014605,-0.208387906,-0.022298582,0.214386826,-0.682951478,0.729640930,0.025187154,-0.023811759
1756018814.997125864,-0.208034041,-0.023495076,0.214442294,-0.682975653,0.729619154,0.025141614,-0.023833738
1756018815.008237123,-0.207685148,-0.024671620,0.214487134,-0.682987375,0.729608903,0.025125817,-0.023828308
1756018815.019347906,-0.207337864,-0.025841716,0.214528564,-0.682995103,0.729602348,0.025119560,-0.023814088
1756018815.030459166,-0.206990566,-0.027011862,0.214569996,-0.683002831,0.729595793,0.025113303,-0.023799867
1756018815.041570187,-0.206594751,-0.028186538,0.214600212,-0.683009570,0.729589591,0.025119387,-0.023790169
1756018815.052681446,-0.206183336,-0.029362704,0.214626826,-0.683015991,0.729583503,0.025129437,-0.023781924
1756018815.063792706,-0.205771921,-0.030538870,0.214653440,-0.683022412,0.729577414,0.025139487,-0.023773679
1756018815.074903488,-0.205331644,-0.031700397,0.214695658,-0.683016494,0.729583085,0.025138502,-0.023770695
1756018815.086014748,-0.204882063,-0.032857284,0.214742894,-0.683006610,0.729592537,0.025133970,-0.023769403
1756018815.097126007,-0.204432483,-0.034014171,0.214790129,-0.682996725,0.729601989,0.025129438,-0.023768110
1756018815.108237028,-0.203992941,-0.035167069,0.214818605,-0.682960481,0.729635417,0.025150061,-0.023761588
1756018815.119348049,-0.203556639,-0.036318686,0.214841020,-0.682915721,0.729676588,0.025178810,-0.023753375
1756018815.130459070,-0.203120337,-0.037470303,0.214863436,-0.682870957,0.729717756,0.025207558,-0.023745163
1756018815.141570330,-0.202634190,-0.038607542,0.214903616,-0.682855729,0.729732239,0.025203530,-0.023742265
1756018815.152681589,-0.202131888,-0.039740114,0.214949555,-0.682850077,0.729738072,0.025188877,-0.023741089
1756018815.163792610,-0.201629596,-0.040872661,0.214995493,-0.682844425,0.729743905,0.025174225,-0.023739914
1756018815.174903631,-0.201090019,-0.041994436,0.215055810,-0.682831365,0.729756175,0.025182329,-0.023729765
1756018815.186014652,-0.200538345,-0.043112716,0.215120794,-0.682815903,0.729770533,0.025197815,-0.023716704
1756018815.197125912,-0.199986659,-0.044231020,0.215185778,-0.682800439,0.729784891,0.025213302,-0.023703643
1756018815.208237171,-0.199400561,-0.045308765,0.215236359,-0.682809747,0.729775018,0.025239557,-0.023711559
1756018815.219347954,-0.198803300,-0.046373276,0.215282254,-0.682827108,0.729757265,0.025269312,-0.023726294
1756018815.230459213,-0.198206014,-0.047437833,0.215328151,-0.682844468,0.729739511,0.025299068,-0.023741030
1756018815.241570234,-0.197595218,-0.048498571,0.215395451,-0.682849291,0.729735641,0.025289929,-0.023730980
1756018815.252681494,-0.196980001,-0.049558095,0.215469733,-0.682850026,0.729736299,0.025268107,-0.023712848
1756018815.263792753,-0.196364783,-0.050617618,0.215544015,-0.682850760,0.729736957,0.025246284,-0.023694715
1756018815.274903536,-0.195733028,-0.051688733,0.215598122,-0.682806020,0.729777765,0.025275450,-0.023696100
1756018815.286014795,-0.195095817,-0.052763708,0.215645622,-0.682746372,0.729831725,0.025321323,-0.023703881
1756018815.297125816,-0.194458620,-0.053838659,0.215693120,-0.682686721,0.729885679,0.025367195,-0.023711660
1756018815.308237076,-0.193794942,-0.054905736,0.215741951,-0.682655939,0.729915210,0.025380017,-0.023675102
1756018815.319347858,-0.193122611,-0.055970177,0.215791217,-0.682634627,0.729936728,0.025381998,-0.023624003
1756018815.330459118,-0.192450251,-0.057034664,0.215840485,-0.682613311,0.729958245,0.025383979,-0.023572901
1756018815.341570377,-0.191724550,-0.058063581,0.215907303,-0.682601033,0.729969482,0.025386695,-0.023577544
1756018815.352681398,-0.190981402,-0.059080831,0.215979865,-0.682591714,0.729977354,0.025389652,-0.023600435
1756018815.363792658,-0.190238238,-0.060098103,0.216052429,-0.682582394,0.729985225,0.025392610,-0.023623327
1756018815.374903440,-0.189523706,-0.061083005,0.216095550,-0.682583354,0.729983926,0.025432617,-0.023592691
1756018815.386014700,-0.188818577,-0.062057286,0.216128962,-0.682587701,0.729979598,0.025484846,-0.023544400
1756018815.397125959,-0.188113449,-0.063031568,0.216162374,-0.682592045,0.729975267,0.025537075,-0.023496109
1756018815.408236980,-0.187337446,-0.063988576,0.216182806,-0.682597048,0.729971244,0.025529784,-0.023483683
1756018815.419348001,-0.186538019,-0.064939883,0.216198948,-0.682602268,0.729967324,0.025502825,-0.023483107
1756018815.430459023,-0.185738591,-0.065891190,0.216215091,-0.682607487,0.729963403,0.025475867,-0.023482531
1756018815.441570282,-0.184935592,-0.066829161,0.216239321,-0.682600347,0.729969220,0.025473544,-0.023511737
1756018815.452681541,-0.184131417,-0.067762718,0.216266223,-0.682589121,0.729978256,0.025479364,-0.023550786
1756018815.463792562,-0.183327260,-0.068696254,0.216293125,-0.682577894,0.729987290,0.025485183,-0.023589835
1756018815.474903584,-0.182518155,-0.069639263,0.216277939,-0.682538203,0.730023841,0.025536295,-0.023551871
1756018815.486014605,-0.181707406,-0.070585418,0.216248773,-0.682489051,0.730069523,0.025602451,-0.023488326
1756018815.497125864,-0.180896640,-0.071531594,0.216219606,-0.682439888,0.730115197,0.025668608,-0.023424779
1756018815.508237123,-0.180079456,-0.072434323,0.216248660,-0.682437491,0.730117861,0.025688694,-0.023389562
1756018815.519347906,-0.179260170,-0.073322546,0.216297100,-0.682450668,0.730106203,0.025693436,-0.023363781
1756018815.530459166,-0.178440849,-0.074210807,0.216345542,-0.682463844,0.730094544,0.025698179,-0.023337998
1756018815.541570187,-0.177618190,-0.075060391,0.216357398,-0.682456106,0.730102801,0.025682410,-0.023323321
1756018815.552681446,-0.176794396,-0.075897112,0.216357064,-0.682441398,0.730117694,0.025659808,-0.023312343
1756018815.563792706,-0.175970601,-0.076733834,0.216356731,-0.682426689,0.730132587,0.025637205,-0.023301365
1756018815.574903488,-0.175087056,-0.077565236,0.216380391,-0.682440786,0.730119323,0.025645843,-0.023294591
1756018815.586014748,-0.174183461,-0.078394904,0.216412082,-0.682464525,0.730096634,0.025664937,-0.023289223
1756018815.597126007,-0.173279867,-0.079224573,0.216443774,-0.682488262,0.730073944,0.025684032,-0.023283855
1756018815.608237028,-0.172341552,-0.080011759,0.216451343,-0.682509181,0.730054030,0.025677495,-0.023302312
1756018815.619348049,-0.171391470,-0.080784562,0.216450742,-0.682529145,0.730035054,0.025662278,-0.023328838
1756018815.630459070,-0.170441388,-0.081557366,0.216450141,-0.682549107,0.730016077,0.025647060,-0.023355364
1756018815.641570330,-0.169493069,-0.082287798,0.216472789,-0.682561793,0.730003632,0.025643695,-0.023377276
1756018815.652681589,-0.168545356,-0.083003815,0.216503345,-0.682572004,0.729993409,0.025644362,-0.023397618
1756018815.663792610,-0.167597664,-0.083719815,0.216533900,-0.682582214,0.729983186,0.025645029,-0.023417960
1756018815.674903631,-0.166680149,-0.084454450,0.216559650,-0.682572883,0.729992689,0.025635680,-0.023403984
1756018815.686014652,-0.165772901,-0.085195422,0.216583765,-0.682556903,0.730008900,0.025622924,-0.023378334
1756018815.697125912,-0.164865632,-0.085936411,0.216607880,-0.682540922,0.730025110,0.025610167,-0.023352683
1756018815.708237171,-0.163954812,-0.086651398,0.216618959,-0.682477720,0.730085199,0.025596991,-0.023335758
1756018815.719347954,-0.163042815,-0.087357465,0.216625580,-0.682398368,0.730160281,0.025583671,-0.023321816
1756018815.730459213,-0.162130779,-0.088063561,0.216632201,-0.682319005,0.730235357,0.025570350,-0.023307873
1756018815.741570234,-0.161168936,-0.088709316,0.216667317,-0.682299949,0.730253187,0.025556345,-0.023322434
1756018815.752681494,-0.160189933,-0.089334335,0.216712236,-0.682301637,0.730251330,0.025542104,-0.023346799
1756018815.763792753,-0.159210931,-0.089959354,0.216757155,-0.682303324,0.730249472,0.025527863,-0.023371164
1756018815.774903536,-0.158255219,-0.090615286,0.216810797,-0.682273184,0.730277485,0.025533330,-0.023369780
1756018815.786014795,-0.157307520,-0.091281965,0.216867464,-0.682232015,0.730315845,0.025545623,-0.023359477
1756018815.797125816,-0.156359841,-0.091948628,0.216924129,-0.682190844,0.730354202,0.025557916,-0.023349175
1756018815.808237076,-0.155386191,-0.092582717,0.216949112,-0.682155197,0.730387166,0.025575197,-0.023340616
1756018815.819347858,-0.154403568,-0.093205457,0.216963087,-0.682121468,0.730418254,0.025594211,-0.023332664
1756018815.830459118,-0.153420902,-0.093828223,0.216977062,-0.682087737,0.730449341,0.025613225,-0.023324711
1756018815.841570377,-0.152369053,-0.094388248,0.217010401,-0.682105540,0.730432505,0.025623159,-0.023320424
1756018815.852681398,-0.151293123,-0.094926402,0.217050487,-0.682141297,0.730398970,0.025629930,-0.023317414
1756018815.863792658,-0.150217169,-0.095464567,0.217090573,-0.682177053,0.730365433,0.025636701,-0.023314404
1756018815.874903440,-0.149164741,-0.095971332,0.217124571,-0.682220278,0.730324670,0.025643289,-0.023319312
1756018815.886014700,-0.148120491,-0.096467130,0.217156438,-0.682266119,0.730281371,0.025649813,-0.023326992
1756018815.897125959,-0.147076241,-0.096962927,0.217188306,-0.682311958,0.730238069,0.025656338,-0.023334672
1756018815.908236980,-0.146052697,-0.097441151,0.217255886,-0.682294405,0.730258183,0.025574606,-0.023308159
1756018815.919348001,-0.145036438,-0.097913190,0.217336041,-0.682254522,0.730300616,0.025461798,-0.023269606
1756018815.930459023,-0.144020178,-0.098385230,0.217416197,-0.682214628,0.730343035,0.025348990,-0.023231053
1756018815.941570282,-0.142967301,-0.098778978,0.217417416,-0.682206267,0.730350384,0.025353898,-0.023240165
1756018815.952681541,-0.141901523,-0.099145123,0.217390809,-0.682209024,0.730345371,0.025400305,-0.023266081
1756018815.963792562,-0.140835769,-0.099511260,0.217364201,-0.682211779,0.730340356,0.025446712,-0.023291996
1756018815.974903584,-0.139746304,-0.099911924,0.217368009,-0.682180751,0.730366459,0.025493193,-0.023331432
1756018815.986014605,-0.138648545,-0.100324666,0.217382455,-0.682137901,0.730403443,0.025539700,-0.023375599
1756018815.997125864,-0.137550762,-0.100737416,0.217396902,-0.682095045,0.730440422,0.025586209,-0.023419765
1756018816.008237123,-0.136416449,-0.101123726,0.217454533,-0.682056649,0.730474296,0.025622377,-0.023441912
1756018816.019347906,-0.135269396,-0.101500762,0.217527279,-0.682019815,0.730507082,0.025654924,-0.023456348
1756018816.030459166,-0.134122293,-0.101877815,0.217600028,-0.681982976,0.730539866,0.025687473,-0.023470785
1756018816.041570187,-0.133046757,-0.102258461,0.217645062,-0.681965093,0.730556260,0.025686928,-0.023480739
1756018816.052681446,-0.131996288,-0.102640378,0.217680376,-0.681953857,0.730566906,0.025674778,-0.023489123
1756018816.063792706,-0.130945819,-0.103022296,0.217715691,-0.681942620,0.730577552,0.025662629,-0.023497506
1756018816.074903488,-0.129867728,-0.103356962,0.217773659,-0.681968949,0.730555596,0.025638627,-0.023442178
1756018816.086014748,-0.128779902,-0.103675100,0.217839565,-0.682008428,0.730522215,0.025610474,-0.023364536
1756018816.097126007,-0.127692076,-0.103993239,0.217905470,-0.682047900,0.730488828,0.025582320,-0.023286893
1756018816.108237028,-0.126596181,-0.104299744,0.217937191,-0.682067888,0.730471221,0.025608077,-0.023225385
1756018816.119348049,-0.125497468,-0.104602199,0.217957003,-0.682081086,0.730459109,0.025652614,-0.023169497
1756018816.130459070,-0.124398755,-0.104904653,0.217976815,-0.682094280,0.730446994,0.025697151,-0.023113610
1756018816.141570330,-0.123307753,-0.105202957,0.217994295,-0.682092298,0.730448013,0.025736671,-0.023095891
1756018816.152681589,-0.122219453,-0.105499807,0.218010961,-0.682085014,0.730453622,0.025774438,-0.023091509
1756018816.163792610,-0.121131176,-0.105796652,0.218027626,-0.682077729,0.730459230,0.025812204,-0.023087128
1756018816.174903631,-0.120043072,-0.106025929,0.218051839,-0.682089166,0.730447639,0.025830088,-0.023095958
1756018816.186014652,-0.118955028,-0.106231525,0.218078697,-0.682107165,0.730430019,0.025841004,-0.023109418
1756018816.197125912,-0.117866961,-0.106437125,0.218105556,-0.682125164,0.730412398,0.025851921,-0.023122879
1756018816.208237171,-0.116792240,-0.106657077,0.218131803,-0.682092341,0.730443250,0.025870026,-0.023096283
1756018816.219347954,-0.115722267,-0.106882077,0.218157833,-0.682041609,0.730491176,0.025890664,-0.023055575
1756018816.230459213,-0.114652249,-0.107107086,0.218183864,-0.681990869,0.730539099,0.025911302,-0.023014864
1756018816.241570234,-0.113571648,-0.107294173,0.218232340,-0.681960917,0.730567291,0.025903388,-0.023016401
1756018816.252681494,-0.112487271,-0.107467846,0.218288759,-0.681938320,0.730588504,0.025885369,-0.023032885
1756018816.263792753,-0.111402895,-0.107641520,0.218345178,-0.681915722,0.730609715,0.025867351,-0.023049370
1756018816.274903536,-0.110287120,-0.107765691,0.218391889,-0.681938959,0.730586884,0.025868872,-0.023083792
1756018816.286014795,-0.109160120,-0.107872274,0.218435151,-0.681978489,0.730548395,0.025877337,-0.023124592
1756018816.297125816,-0.108033143,-0.107978854,0.218478412,-0.682018014,0.730509903,0.025885803,-0.023165390
1756018816.308237076,-0.106929756,-0.108074561,0.218509057,-0.682072995,0.730457024,0.025911329,-0.023185516
1756018816.319347858,-0.105834805,-0.108166401,0.218535219,-0.682133460,0.730399033,0.025942915,-0.023198296
1756018816.330459118,-0.104739807,-0.108258246,0.218561383,-0.682193922,0.730341032,0.025974502,-0.023211077
1756018816.341570377,-0.103655633,-0.108331666,0.218592052,-0.682189778,0.730346062,0.025961074,-0.023189636
1756018816.352681398,-0.102575352,-0.108398501,0.218624331,-0.682162542,0.730373619,0.025931557,-0.023155964
1756018816.363792658,-0.101495048,-0.108465337,0.218656610,-0.682135303,0.730401173,0.025902040,-0.023122292
1756018816.374903440,-0.100432535,-0.108514734,0.218721176,-0.682067815,0.730465262,0.025867069,-0.023127693
1756018816.386014700,-0.099376335,-0.108557885,0.218797316,-0.681985894,0.730542440,0.025830141,-0.023147095
1756018816.397125959,-0.098320135,-0.108601036,0.218873456,-0.681903963,0.730619607,0.025793213,-0.023166497
1756018816.408236980,-0.097268566,-0.108611080,0.218906092,-0.681871501,0.730650724,0.025774744,-0.023161134
1756018816.419348001,-0.096218642,-0.108609320,0.218923220,-0.681856676,0.730665428,0.025762854,-0.023146943
1756018816.430459023,-0.095168717,-0.108607561,0.218940348,-0.681841851,0.730680131,0.025750965,-0.023132751
1756018816.441570282,-0.094116954,-0.108590824,0.218970104,-0.681847899,0.730674068,0.025757244,-0.023139020
1756018816.452681541,-0.093064540,-0.108568713,0.219004390,-0.681861433,0.730660555,0.025770040,-0.023152629
1756018816.463792562,-0.092012148,-0.108546603,0.219038675,-0.681874966,0.730647043,0.025782835,-0.023166237
1756018816.474903584,-0.090937162,-0.108479059,0.219059243,-0.681934002,0.730590721,0.025796557,-0.023189517
1756018816.486014605,-0.089854059,-0.108395192,0.219074882,-0.682009378,0.730519011,0.025810611,-0.023216273
1756018816.497125864,-0.088770932,-0.108311323,0.219090521,-0.682084748,0.730447291,0.025824664,-0.023243029
1756018816.508237123,-0.087736529,-0.108239481,0.219109945,-0.682137778,0.730397567,0.025829711,-0.023243750
1756018816.519347906,-0.086719726,-0.108171977,0.219130731,-0.682182757,0.730355769,0.025831513,-0.023235092
1756018816.530459166,-0.085702880,-0.108104469,0.219151518,-0.682227734,0.730313968,0.025833314,-0.023226433
1756018816.541570187,-0.084695175,-0.108021542,0.219195100,-0.682240884,0.730301595,0.025844170,-0.023217149
1756018816.552681446,-0.083690736,-0.107933055,0.219246899,-0.682242562,0.730299829,0.025858290,-0.023207641
1756018816.563792706,-0.082686297,-0.107844568,0.219298698,-0.682244240,0.730298064,0.025872410,-0.023198133
1756018816.574903488,-0.081662066,-0.107741249,0.219370958,-0.682245977,0.730296150,0.025892716,-0.023184651
1756018816.586014748,-0.080630624,-0.107632563,0.219450617,-0.682247734,0.730294182,0.025915258,-0.023169733
1756018816.597126007,-0.079599181,-0.107523878,0.219530276,-0.682249490,0.730292214,0.025937800,-0.023154815
1756018816.608237028,-0.078586652,-0.107397817,0.219574561,-0.682278658,0.730262036,0.025980495,-0.023199243
1756018816.619348049,-0.077580957,-0.107265470,0.219606053,-0.682317736,0.730221648,0.026030478,-0.023265136
1756018816.630459070,-0.076575261,-0.107133122,0.219637544,-0.682356807,0.730181252,0.026080461,-0.023331030
1756018816.641570330,-0.075550506,-0.106970699,0.219666745,-0.682380852,0.730157447,0.026122093,-0.023326195
1756018816.652681589,-0.074518843,-0.106797363,0.219695115,-0.682399444,0.730139663,0.026160694,-0.023295697
1756018816.663792610,-0.073487203,-0.106624030,0.219723484,-0.682418034,0.730121877,0.026199294,-0.023265199
1756018816.674903631,-0.072461007,-0.106440365,0.219769077,-0.682434042,0.730107197,0.026213064,-0.023240807
1756018816.686014652,-0.071436799,-0.106252927,0.219820960,-0.682449107,0.730093651,0.026217767,-0.023218643
1756018816.697125912,-0.070412569,-0.106065485,0.219872843,-0.682464172,0.730080104,0.026222471,-0.023196479
1756018816.708237171,-0.069396872,-0.105846040,0.219909414,-0.682491960,0.730052443,0.026238850,-0.023230969
1756018816.719347954,-0.068384338,-0.105614911,0.219940388,-0.682524391,0.730019623,0.026259495,-0.023286158
1756018816.730459213,-0.067371760,-0.105383771,0.219971363,-0.682556819,0.729986797,0.026280140,-0.023341350
1756018816.741570234,-0.066436691,-0.105116992,0.219989351,-0.682559607,0.729982267,0.026292476,-0.023387572
1756018816.752681494,-0.065530049,-0.104837122,0.220002572,-0.682551514,0.729988123,0.026301761,-0.023430501
1756018816.763792753,-0.064623407,-0.104557252,0.220015793,-0.682543420,0.729993977,0.026311046,-0.023473431
1756018816.774903536,-0.063706043,-0.104277893,0.220047719,-0.682544718,0.729992640,0.026301856,-0.023487569
1756018816.786014795,-0.062784687,-0.103998706,0.220086519,-0.682549467,0.729988661,0.026285879,-0.023491130
1756018816.797125816,-0.061863350,-0.103719525,0.220125318,-0.682554216,0.729984681,0.026269902,-0.023494691
1756018816.808237076,-0.060936178,-0.103408223,0.220140191,-0.682545322,0.729992687,0.026263966,-0.023510954
1756018816.819347858,-0.060006900,-0.103085085,0.220146236,-0.682531395,0.730005114,0.026261735,-0.023531902
1756018816.830459118,-0.059077583,-0.102761933,0.220152280,-0.682517466,0.730017541,0.026259505,-0.023552852
1756018816.841570377,-0.058144438,-0.102427123,0.220162733,-0.682526158,0.730009648,0.026248884,-0.023557452
1756018816.852681398,-0.057209897,-0.102088003,0.220174817,-0.682543225,0.729994231,0.026235158,-0.023556000
1756018816.863792658,-0.056275335,-0.101748876,0.220186901,-0.682560292,0.729978813,0.026221431,-0.023554547
1756018816.874903440,-0.055363338,-0.101388384,0.220184173,-0.682585314,0.729955292,0.026224159,-0.023555347
1756018816.886014700,-0.054459691,-0.101019913,0.220175929,-0.682613299,0.729928751,0.026233015,-0.023556985
1756018816.897125959,-0.053556043,-0.100651443,0.220167685,-0.682641284,0.729902208,0.026241872,-0.023558624
1756018816.908236980,-0.052671365,-0.100280446,0.220178144,-0.682643235,0.729900412,0.026230834,-0.023570022
1756018816.919348001,-0.051793784,-0.099908500,0.220195609,-0.682635434,0.729907885,0.026212344,-0.023585077
1756018816.930459023,-0.050916204,-0.099536554,0.220213073,-0.682627633,0.729915358,0.026193855,-0.023600131
1756018816.941570282,-0.050055226,-0.099143850,0.220201882,-0.682615982,0.729924906,0.026209125,-0.023624863
1756018816.952681541,-0.049200477,-0.098743371,0.220179955,-0.682602888,0.729935230,0.026237045,-0.023653222
1756018816.963792562,-0.048345746,-0.098342901,0.220158027,-0.682589793,0.729945552,0.026264963,-0.023681579
1756018816.974903584,-0.047518150,-0.097970595,0.220164514,-0.682562724,0.729969949,0.026279046,-0.023694143
1756018816.986014605,-0.046700758,-0.097608880,0.220181685,-0.682530400,0.729999638,0.026287925,-0.023700769
1756018816.997125864,-0.045883348,-0.097247157,0.220198857,-0.682498074,0.730029326,0.026296805,-0.023707394
1756018817.008237123,-0.045056539,-0.096836967,0.220208991,-0.682513562,0.730014950,0.026299224,-0.023701499
1756018817.019347906,-0.044226234,-0.096408588,0.220216481,-0.682547010,0.729984021,0.026299217,-0.023690900
1756018817.030459166,-0.043395893,-0.095980190,0.220223972,-0.682580459,0.729953089,0.026299210,-0.023680301
1756018817.041570187,-0.042571477,-0.095548439,0.220243640,-0.682587297,0.729946685,0.026299341,-0.023680440
1756018817.052681446,-0.041749266,-0.095115413,0.220267892,-0.682584119,0.729949515,0.026299523,-0.023684619
1756018817.063792706,-0.040927055,-0.094682386,0.220292145,-0.682580941,0.729952344,0.026299706,-0.023688799
1756018817.074903488,-0.040104880,-0.094249379,0.220316396,-0.682577763,0.729955174,0.026299888,-0.023692979
1756018817.086014748,-0.039282669,-0.093816353,0.220340648,-0.682574585,0.729958003,0.026300071,-0.023697159
1756018817.097126007,-0.038460459,-0.093383327,0.220364901,-0.682571407,0.729960833,0.026300253,-0.023701339
1756018817.108237028,-0.037673735,-0.092938641,0.220396352,-0.682579775,0.729952805,0.026296493,-0.023711768
1756018817.119348049,-0.036900490,-0.092489522,0.220430540,-0.682592529,0.729940652,0.026291235,-0.023724571
1756018817.130459070,-0.036127244,-0.092040403,0.220464727,-0.682605282,0.729928498,0.026285977,-0.023737374
1756018817.141570330,-0.035379133,-0.091576127,0.220481743,-0.682624042,0.729909466,0.026300780,-0.023766730
1756018817.152681589,-0.034640624,-0.091106067,0.220492203,-0.682645093,0.729887806,0.026323242,-0.023802405
1756018817.163792610,-0.033902131,-0.090636017,0.220502663,-0.682666142,0.729866144,0.026345703,-0.023838079
1756018817.174903631,-0.033159632,-0.090168706,0.220525443,-0.682661436,0.729870313,0.026350806,-0.023839595
1756018817.186014652,-0.032415598,-0.089702446,0.220552946,-0.682646858,0.729884381,0.026349255,-0.023828020
1756018817.197125912,-0.031671547,-0.089236175,0.220580449,-0.682632279,0.729898450,0.026347705,-0.023816445
1756018817.208237171,-0.030944483,-0.088755087,0.220605899,-0.682636355,0.729893328,0.026363137,-0.023839485
1756018817.219347954,-0.030223995,-0.088268311,0.220630558,-0.682647617,0.729880812,0.026385113,-0.023875861
1756018817.230459213,-0.029503475,-0.087781514,0.220655217,-0.682658879,0.729868294,0.026407089,-0.023912238
1756018817.241570234,-0.028763120,-0.087251056,0.220690230,-0.682704553,0.729826499,0.026372267,-0.023922340
1756018817.252681494,-0.028015065,-0.086703681,0.220729251,-0.682763543,0.729773366,0.026315460,-0.023922271
1756018817.263792753,-0.027267010,-0.086156307,0.220768272,-0.682822528,0.729720225,0.026258652,-0.023922202
1756018817.274903536,-0.026570430,-0.085623369,0.220782845,-0.682821085,0.729723215,0.026220977,-0.023913495
1756018817.286014795,-0.025893732,-0.085095986,0.220787956,-0.682796255,0.729747931,0.026190706,-0.023901445
1756018817.297125816,-0.025217049,-0.084568616,0.220793067,-0.682771423,0.729772644,0.026160434,-0.023889396
1756018817.308237076,-0.024556875,-0.084051472,0.220806397,-0.682768472,0.729775539,0.026162252,-0.023883292
1756018817.319347858,-0.023903115,-0.083538308,0.220822904,-0.682773978,0.729770004,0.026176469,-0.023879486
1756018817.330459118,-0.023249327,-0.083025122,0.220839412,-0.682779483,0.729764467,0.026190687,-0.023875680
1756018817.341570377,-0.022602724,-0.082496936,0.220856875,-0.682805550,0.729738346,0.026205351,-0.023912481
1756018817.352681398,-0.021958933,-0.081962920,0.220874710,-0.682839622,0.729704205,0.026220188,-0.023965098
1756018817.363792658,-0.021315128,-0.081428892,0.220892545,-0.682873691,0.729670059,0.026235025,-0.024017716
1756018817.374903440,-0.020693511,-0.080914962,0.220922467,-0.682870697,0.729672153,0.026241475,-0.024032161
1756018817.386014700,-0.020080517,-0.080408847,0.220957109,-0.682853237,0.729688394,0.026244652,-0.024031706
1756018817.397125959,-0.019467523,-0.079902732,0.220991751,-0.682835776,0.729704635,0.026247829,-0.024031251
1756018817.408236980,-0.018854487,-0.079361070,0.221027053,-0.682860562,0.729682628,0.026220932,-0.024024515
1756018817.419348001,-0.018241429,-0.078805454,0.221062614,-0.682901925,0.729645610,0.026182232,-0.024015314
1756018817.430459023,-0.017628371,-0.078249838,0.221098175,-0.682943285,0.729608588,0.026143533,-0.024006114
1756018817.441570282,-0.017030193,-0.077689921,0.221114257,-0.682984347,0.729569585,0.026138902,-0.024028329
1756018817.452681541,-0.016437881,-0.077128314,0.221122665,-0.683025289,0.729529799,0.026147691,-0.024062919
1756018817.463792562,-0.015845582,-0.076566719,0.221131074,-0.683066228,0.729490011,0.026156479,-0.024097509
1756018817.474903584,-0.015244500,-0.075992166,0.221138392,-0.683122055,0.729436954,0.026168313,-0.024108231
1756018817.486014605,-0.014639946,-0.075412488,0.221145279,-0.683183765,0.729378647,0.026181352,-0.024109514
1756018817.497125864,-0.014035379,-0.074832798,0.221152166,-0.683245472,0.729320333,0.026194390,-0.024110797
1756018817.508237123,-0.013460184,-0.074250883,0.221145381,-0.683274647,0.729292345,0.026202761,-0.024121497
1756018817.519347906,-0.012896676,-0.073668111,0.221133167,-0.683290904,0.729276402,0.026209279,-0.024135936
1756018817.530459166,-0.012333143,-0.073085314,0.221120953,-0.683307162,0.729260457,0.026215797,-0.024150376
1756018817.541570187,-0.011813379,-0.072539857,0.221121006,-0.683300629,0.729266148,0.026220301,-0.024158456
1756018817.552681446,-0.011311007,-0.072009234,0.221125937,-0.683285032,0.729280445,0.026224005,-0.024164007
1756018817.563792706,-0.010808635,-0.071478611,0.221130869,-0.683269435,0.729294741,0.026227708,-0.024169558
1756018817.574903488,-0.010296512,-0.070910432,0.221130851,-0.683284093,0.729280030,0.026232839,-0.024193479
1756018817.586014748,-0.009780443,-0.070327140,0.221128846,-0.683310898,0.729253670,0.026238544,-0.024224777
1756018817.597126007,-0.009264374,-0.069743847,0.221126841,-0.683337703,0.729227308,0.026244248,-0.024256076
1756018817.608237028,-0.008775514,-0.069167850,0.221141569,-0.683359638,0.729206834,0.026220707,-0.024279060
1756018817.619348049,-0.008297667,-0.068594802,0.221163072,-0.683379601,0.729188744,0.026185324,-0.024298678
1756018817.630459070,-0.007819819,-0.068021754,0.221184574,-0.683399562,0.729170652,0.026149941,-0.024318296
1756018817.641570330,-0.007367213,-0.067452337,0.221216744,-0.683374085,0.729196753,0.026103609,-0.024301371
1756018817.652681589,-0.006924715,-0.066884378,0.221253184,-0.683330414,0.729240542,0.026052893,-0.024269816
1756018817.663792610,-0.006482226,-0.066316432,0.221289623,-0.683286738,0.729284325,0.026002178,-0.024238262
1756018817.674903631,-0.006011066,-0.065718671,0.221296527,-0.683316448,0.729256765,0.025993146,-0.024239606
1756018817.686014652,-0.005528383,-0.065108926,0.221291560,-0.683375651,0.729200527,0.026000866,-0.024254173
1756018817.697125912,-0.005045689,-0.064499168,0.221286593,-0.683434851,0.729144283,0.026008586,-0.024268740
1756018817.708237171,-0.004590472,-0.063909244,0.221273760,-0.683430133,0.729148555,0.026025818,-0.024254782
1756018817.719347954,-0.004146351,-0.063327340,0.221257755,-0.683399651,0.729177219,0.026046884,-0.024229326
1756018817.730459213,-0.003702211,-0.062745411,0.221241750,-0.683369165,0.729205882,0.026067950,-0.024203869
1756018817.741570234,-0.003269102,-0.062170646,0.221272260,-0.683362496,0.729211717,0.026060060,-0.024224870
1756018817.752681494,-0.002840434,-0.061598757,0.221321555,-0.683365443,0.729208333,0.026040475,-0.024264633
1756018817.763792276,-0.002411784,-0.061026892,0.221370847,-0.683368389,0.729204947,0.026020891,-0.024304394
1756018817.774903536,-0.002003404,-0.060439215,0.221394741,-0.683400263,0.729173549,0.026032108,-0.024338149
1756018817.786014795,-0.001603250,-0.059845137,0.221408337,-0.683443863,0.729130791,0.026055814,-0.024369469
1756018817.797125816,-0.001203105,-0.059251072,0.221421932,-0.683487458,0.729088030,0.026079518,-0.024400788
1756018817.808237076,-0.000815818,-0.058687746,0.221419261,-0.683488626,0.729085095,0.026118674,-0.024413878
1756018817.819347858,-0.000433770,-0.058136923,0.221409990,-0.683472577,0.729098320,0.026164097,-0.024419571
1756018817.830459118,-0.000051705,-0.057586076,0.221400718,-0.683456526,0.729111545,0.026209522,-0.024425264
1756018817.841570377,0.000322464,-0.057033634,0.221417427,-0.683441420,0.729126663,0.026188745,-0.024418938
1756018817.852681398,0.000693412,-0.056480554,0.221444704,-0.683426698,0.729142549,0.026141039,-0.024407722
1756018817.863792419,0.001064361,-0.055927474,0.221471981,-0.683411974,0.729158434,0.026093333,-0.024396507
1756018817.874903440,0.001401062,-0.055365501,0.221483704,-0.683393090,0.729176692,0.026074368,-0.024400077
1756018817.886014700,0.001723784,-0.054799884,0.221489076,-0.683372506,0.729195919,0.026067141,-0.024409687
1756018817.897125959,0.002046507,-0.054234267,0.221494447,-0.683351922,0.729215146,0.026059914,-0.024419296
1756018817.908236980,0.002399880,-0.053672198,0.221489234,-0.683345957,0.729219293,0.026075811,-0.024445398
1756018817.919348001,0.002765846,-0.053111582,0.221479674,-0.683345996,0.729217245,0.026101205,-0.024478274
1756018817.930459023,0.003131812,-0.052550966,0.221470114,-0.683346034,0.729215196,0.026126598,-0.024511150
1756018817.941570282,0.003464748,-0.051971610,0.221462206,-0.683372647,0.729189061,0.026140436,-0.024531948
1756018817.952681541,0.003784014,-0.051384504,0.221454983,-0.683410256,0.729152956,0.026149491,-0.024547746
1756018817.963792324,0.004103266,-0.050797423,0.221447760,-0.683447862,0.729116851,0.026158546,-0.024563544
1756018817.974903584,0.004418143,-0.050230787,0.221477151,-0.683450575,0.729115154,0.026134489,-0.024564030
1756018817.986014605,0.004731201,-0.049672617,0.221521663,-0.683438879,0.729127666,0.026096758,-0.024558194
1756018817.997125864,0.005044265,-0.049114434,0.221566174,-0.683427180,0.729140177,0.026059027,-0.024552357
1756018818.008237123,0.005353073,-0.048561965,0.221578244,-0.683426436,0.729141951,0.026036472,-0.024544327
1756018818.019347906,0.005660107,-0.048011883,0.221576893,-0.683430222,0.729139284,0.026020195,-0.024535391
1756018818.030459166,0.005967154,-0.047461777,0.221575542,-0.683434009,0.729136616,0.026003917,-0.024526454
1756018818.041570187,0.006250779,-0.046938468,0.221579093,-0.683471835,0.729099039,0.026047319,-0.024543402
1756018818.052681446,0.006524682,-0.046426276,0.221584680,-0.683523798,0.729046953,0.026115514,-0.024571104
1756018818.063792467,0.006798578,-0.045914095,0.221590267,-0.683575751,0.728994859,0.026183708,-0.024598804
1756018818.074903488,0.007068905,-0.045384323,0.221618569,-0.683579402,0.728992600,0.026146679,-0.024603673
1756018818.086014748,0.007337742,-0.044847175,0.221656383,-0.683562830,0.729011202,0.026065601,-0.024598983
1756018818.097126007,0.007606579,-0.044310028,0.221694196,-0.683546253,0.729029798,0.025984523,-0.024594293
1756018818.108237028,0.007853394,-0.043773513,0.221677341,-0.683535946,0.729039641,0.025979153,-0.024594638
1756018818.119348049,0.008090963,-0.043237259,0.221637527,-0.683528273,0.729045810,0.026005578,-0.024597099
1756018818.130459070,0.008328533,-0.042701006,0.221597714,-0.683520600,0.729051978,0.026032002,-0.024599559
1756018818.141570330,0.008554202,-0.042186502,0.221576583,-0.683509805,0.729062383,0.026029354,-0.024593909
1756018818.152681589,0.008774854,-0.041681167,0.221563322,-0.683497695,0.729074574,0.026014457,-0.024584841
1756018818.163792372,0.008995497,-0.041175853,0.221550062,-0.683485585,0.729086763,0.025999560,-0.024575775
1756018818.174903631,0.009216416,-0.040667384,0.221559530,-0.683480781,0.729088936,0.026030919,-0.024611726
1756018818.186014652,0.009437444,-0.040157599,0.221578614,-0.683479065,0.729086866,0.026081850,-0.024666727
1756018818.197125912,0.009658476,-0.039647804,0.221597699,-0.683477344,0.729084792,0.026132782,-0.024721728
1756018818.208237171,0.009868406,-0.039136477,0.221613646,-0.683489924,0.729072670,0.026121792,-0.024743038
1756018818.219347954,0.010073614,-0.038624521,0.221628261,-0.683508575,0.729056282,0.026084509,-0.024750041
1756018818.230459213,0.010278830,-0.038112543,0.221642877,-0.683527225,0.729039892,0.026047224,-0.024757044
1756018818.241570234,0.010485873,-0.037612419,0.221636457,-0.683543134,0.729024914,0.026045055,-0.024761132
1756018818.252681494,0.010693698,-0.037117310,0.221621109,-0.683557880,0.729010536,0.026057790,-0.024763983
1756018818.263792276,0.010901513,-0.036622222,0.221605762,-0.683572625,0.728996158,0.026070524,-0.024766834
1756018818.274903536,0.011102741,-0.036124360,0.221625623,-0.683562965,0.729006374,0.026040852,-0.024763949
1756018818.286014795,0.011301150,-0.035625321,0.221660524,-0.683542878,0.729027095,0.025993065,-0.024758614
1756018818.297125816,0.011499555,-0.035126294,0.221695424,-0.683522789,0.729047814,0.025945279,-0.024753279
1756018818.308237076,0.011695224,-0.034633118,0.221719897,-0.683510547,0.729060947,0.025907869,-0.024743677
1756018818.319347858,0.011889712,-0.034142477,0.221739901,-0.683501668,0.729070830,0.025874906,-0.024732249
1756018818.330459118,0.012084208,-0.033651814,0.221759906,-0.683492787,0.729080712,0.025841941,-0.024720819
1756018818.341570377,0.012266692,-0.033173064,0.221735969,-0.683500800,0.729071827,0.025869064,-0.024732962
1756018818.352681398,0.012443998,-0.032699455,0.221693108,-0.683516085,0.729054857,0.025922064,-0.024755256
1756018818.363792419,0.012621304,-0.032225845,0.221650248,-0.683531368,0.729037885,0.025975064,-0.024777551
1756018818.374903440,0.012779586,-0.031759465,0.221636857,-0.683523111,0.729045285,0.025981684,-0.024780666
1756018818.386014700,0.012929637,-0.031296203,0.221636221,-0.683504664,0.729063235,0.025968228,-0.024775480
1756018818.397125959,0.013079688,-0.030832942,0.221635586,-0.683486216,0.729081185,0.025954773,-0.024770294
1756018818.408236980,0.013211055,-0.030374009,0.221656101,-0.683514826,0.729056525,0.025903879,-0.024759938
1756018818.419348001,0.013334300,-0.029916953,0.221685812,-0.683563887,0.729013337,0.025836710,-0.024747335
1756018818.430459023,0.013457546,-0.029459897,0.221715522,-0.683612943,0.728970142,0.025769540,-0.024734731
1756018818.441570282,0.013581950,-0.029013066,0.221703435,-0.683637265,0.728946758,0.025786094,-0.024734414
1756018818.452681541,0.013706859,-0.028570700,0.221673115,-0.683650798,0.728932015,0.025839171,-0.024739457
1756018818.463792324,0.013831763,-0.028128353,0.221642796,-0.683664328,0.728917271,0.025892245,-0.024744499
1756018818.474903584,0.013959218,-0.027687182,0.221625735,-0.683666315,0.728913722,0.025909217,-0.024776347
1756018818.486014605,0.014087784,-0.027246545,0.221614480,-0.683663248,0.728915075,0.025910380,-0.024819931
1756018818.497125864,0.014216353,-0.026805899,0.221603224,-0.683660179,0.728916426,0.025911543,-0.024863516
1756018818.508237123,0.014327642,-0.026366625,0.221619818,-0.683652932,0.728923665,0.025894547,-0.024868298
1756018818.519347906,0.014431363,-0.025927971,0.221648601,-0.683643855,0.728933480,0.025869605,-0.024856094
1756018818.530459166,0.014535087,-0.025489298,0.221677385,-0.683634777,0.728943294,0.025844661,-0.024843890
1756018818.541570187,0.014646268,-0.025060848,0.221681252,-0.683642675,0.728933782,0.025868205,-0.024881113
1756018818.552681446,0.014760727,-0.024636875,0.221674173,-0.683658028,0.728915776,0.025913050,-0.024940049
1756018818.563792467,0.014875184,-0.024212912,0.221667095,-0.683673376,0.728897766,0.025957894,-0.024998984
1756018818.574903488,0.014999655,-0.023795811,0.221672937,-0.683688218,0.728882937,0.025953712,-0.025029761
1756018818.586014748,0.015128542,-0.023381726,0.221684473,-0.683702837,0.728869511,0.025927930,-0.025048132
1756018818.597126007,0.015257429,-0.022967640,0.221696009,-0.683717455,0.728856083,0.025902148,-0.025066503
1756018818.608237028,0.015356512,-0.022565722,0.221703642,-0.683702860,0.728871749,0.025870559,-0.025041724
1756018818.619348049,0.015442406,-0.022169184,0.221709548,-0.683675333,0.728900286,0.025836399,-0.024997849
1756018818.630459070,0.015528301,-0.021772647,0.221715455,-0.683647803,0.728928820,0.025802239,-0.024953973
1756018818.641570330,0.015644593,-0.021384861,0.221723334,-0.683636728,0.728938406,0.025814162,-0.024965050
1756018818.652681589,0.015774395,-0.021000969,0.221732090,-0.683632967,0.728939568,0.025846569,-0.025000553
1756018818.663792372,0.015904192,-0.020617093,0.221740846,-0.683629204,0.728940728,0.025878975,-0.025036054
1756018818.674903631,0.015996043,-0.020242213,0.221727935,-0.683644189,0.728924727,0.025912126,-0.025058466
1756018818.686014652,0.016070936,-0.019871367,0.221705342,-0.683667550,0.728901056,0.025945608,-0.025075028
1756018818.697125912,0.016145830,-0.019500513,0.221682749,-0.683690909,0.728877383,0.025979091,-0.025091590
1756018818.708237171,0.016219884,-0.019120337,0.221690328,-0.683741505,0.728830013,0.025961567,-0.025107047
1756018818.719347954,0.016293556,-0.018735993,0.221711450,-0.683804320,0.728772002,0.025921147,-0.025122006
1756018818.730459213,0.016367232,-0.018351632,0.221732573,-0.683867131,0.728713983,0.025880725,-0.025136966
1756018818.741570234,0.016425042,-0.018006751,0.221740766,-0.683875083,0.728708590,0.025862319,-0.025095872
1756018818.752681494,0.016475702,-0.017679656,0.221743131,-0.683858305,0.728726918,0.025853838,-0.025029508
1756018818.763792276,0.016526359,-0.017352575,0.221745497,-0.683841525,0.728745242,0.025845356,-0.024963148
1756018818.774903536,0.016601640,-0.017008258,0.221749984,-0.683832973,0.728754176,0.025809407,-0.024973788
1756018818.786014795,0.016688058,-0.016656149,0.221755432,-0.683828144,0.728758860,0.025761032,-0.025019264
1756018818.797125816,0.016774474,-0.016304048,0.221760880,-0.683823311,0.728763540,0.025712658,-0.025064738
1756018818.808237076,0.016845319,-0.015975668,0.221768188,-0.683799465,0.728784688,0.025723676,-0.025089115
1756018818.819347858,0.016909122,-0.015658028,0.221776338,-0.683767024,0.728813276,0.025761542,-0.025103954
1756018818.830459118,0.016972927,-0.015340374,0.221784488,-0.683734579,0.728841864,0.025799409,-0.025118793
1756018818.841570377,0.017020259,-0.015033254,0.221778476,-0.683728540,0.728846796,0.025808591,-0.025130618
1756018818.852681398,0.017060119,-0.014730918,0.221766043,-0.683734477,0.728841001,0.025804764,-0.025141075
1756018818.863792419,0.017099979,-0.014428581,0.221753609,-0.683740415,0.728835206,0.025800936,-0.025151533
1756018818.874903440,0.017152330,-0.014125109,0.221718584,-0.683747644,0.728825396,0.025865370,-0.025173094
1756018818.886014700,0.017210339,-0.013821116,0.221673329,-0.683755452,0.728813762,0.025960717,-0.025199684
1756018818.897125959,0.017268347,-0.013517123,0.221628073,-0.683763253,0.728802121,0.026056063,-0.025226274
1756018818.908236980,0.017317330,-0.013230542,0.221641265,-0.683751059,0.728815353,0.026020343,-0.025211334
1756018818.919348001,0.017362206,-0.012951883,0.221681061,-0.683729761,0.728839903,0.025924966,-0.025177492
1756018818.930459023,0.017407082,-0.012673225,0.221720856,-0.683708455,0.728864444,0.025829589,-0.025143649
1756018818.941570282,0.017443383,-0.012388536,0.221713468,-0.683705103,0.728867804,0.025819531,-0.025147716
1756018818.952681541,0.017475791,-0.012101114,0.221684663,-0.683709903,0.728861552,0.025848198,-0.025168991
1756018818.963792324,0.017508198,-0.011813703,0.221655860,-0.683714701,0.728855299,0.025876864,-0.025190264
1756018818.974903584,0.017560382,-0.011560701,0.221668447,-0.683697772,0.728872258,0.025850432,-0.025186181
1756018818.986014605,0.017621578,-0.011323391,0.221699899,-0.683670939,0.728899794,0.025798887,-0.025170540
1756018818.997125864,0.017682775,-0.011086077,0.221731352,-0.683644102,0.728927327,0.025747340,-0.025154900
1756018819.008237123,0.017711656,-0.010824632,0.221724743,-0.683632216,0.728939141,0.025726484,-0.025156920
1756018819.019347906,0.017725756,-0.010552165,0.221700727,-0.683627169,0.728943766,0.025719665,-0.025167016
1756018819.030459166,0.017739857,-0.010279685,0.221676711,-0.683622121,0.728948392,0.025712845,-0.025177112
1756018819.041570187,0.017785263,-0.010031337,0.221683934,-0.683605060,0.728965281,0.025690957,-0.025173717
1756018819.052681446,0.017845031,-0.009794050,0.221705487,-0.683582487,0.728987794,0.025662156,-0.025164133
1756018819.063792467,0.017904798,-0.009556768,0.221727040,-0.683559912,0.729010306,0.025633356,-0.025154549
1756018819.074903488,0.017937363,-0.009327598,0.221718002,-0.683550223,0.729017447,0.025662485,-0.025181177
1756018819.086014748,0.017957392,-0.009102161,0.221694864,-0.683546469,0.729017501,0.025718316,-0.025224496
1756018819.097126007,0.017977421,-0.008876725,0.221671727,-0.683542712,0.729017552,0.025774147,-0.025267815
1756018819.108237028,0.017994719,-0.008659353,0.221670465,-0.683544979,0.729015918,0.025763377,-0.025264610
1756018819.119348049,0.018010753,-0.008445711,0.221679330,-0.683550034,0.729013504,0.025721778,-0.025239867
1756018819.130459070,0.018026788,-0.008232069,0.221688195,-0.683555088,0.729011089,0.025680178,-0.025215124
1756018819.141570330,0.018045630,-0.008033307,0.221685505,-0.683545155,0.729021352,0.025670829,-0.025197202
1756018819.152681589,0.018065768,-0.007841417,0.221677481,-0.683528301,0.729037468,0.025676372,-0.025182428
1756018819.163792372,0.018085906,-0.007649536,0.221669457,-0.683511448,0.729053584,0.025681914,-0.025167654
1756018819.174903631,0.018110472,-0.007450720,0.221668436,-0.683520002,0.729044578,0.025693061,-0.025184847
1756018819.186014652,0.018137091,-0.007248698,0.221670662,-0.683540334,0.729023924,0.025706807,-0.025216860
1756018819.197125912,0.018163711,-0.007046671,0.221672889,-0.683560665,0.729003268,0.025720553,-0.025248874
1756018819.208237171,0.018185195,-0.006862276,0.221675328,-0.683569476,0.728991871,0.025767488,-0.025291502
1756018819.219347954,0.018204284,-0.006686109,0.221677867,-0.683572912,0.728984788,0.025829894,-0.025339076
1756018819.230459213,0.018223374,-0.006509935,0.221680406,-0.683576344,0.728977701,0.025892302,-0.025386653
1756018819.241570234,0.018238955,-0.006341184,0.221679191,-0.683592682,0.728960635,0.025917092,-0.025411463
1756018819.252681494,0.018252893,-0.006175901,0.221676219,-0.683615060,0.728938900,0.025924278,-0.025425619
1756018819.263792276,0.018266831,-0.006010625,0.221673247,-0.683637436,0.728917165,0.025931462,-0.025439775
1756018819.274903536,0.018274626,-0.005859736,0.221677945,-0.683631036,0.728924923,0.025913444,-0.025407814
1756018819.286014795,0.018279547,-0.005715580,0.221686229,-0.683611173,0.728946474,0.025883637,-0.025354282
1756018819.297125816,0.018284469,-0.005571426,0.221694513,-0.683591307,0.728968021,0.025853830,-0.025300751
1756018819.308237076,0.018297726,-0.005432902,0.221701885,-0.683573906,0.728985343,0.025840302,-0.025285632
1756018819.319347858,0.018314903,-0.005297033,0.221708826,-0.683557665,0.729000678,0.025834432,-0.025288585
1756018819.330459118,0.018332081,-0.005161159,0.221715768,-0.683541423,0.729016012,0.025828563,-0.025291538
1756018819.341570377,0.018356956,-0.005037906,0.221718898,-0.683534496,0.729021912,0.025842807,-0.025294130
1756018819.352681398,0.018385470,-0.004920623,0.221720228,-0.683531973,0.729023352,0.025866560,-0.025296551
1756018819.363792419,0.018413983,-0.004803340,0.221721557,-0.683529449,0.729024791,0.025890312,-0.025298972
1756018819.374903440,0.018433321,-0.004696825,0.221733232,-0.683521642,0.729032792,0.025889817,-0.025279851
1756018819.386014700,0.018448305,-0.004595418,0.221749818,-0.683511328,0.729043905,0.025877815,-0.025250507
1756018819.397125959,0.018463288,-0.004494011,0.221766404,-0.683501013,0.729055018,0.025865813,-0.025221162
1756018819.408236980,0.018472540,-0.004396940,0.221777387,-0.683486556,0.729069711,0.025850718,-0.025203685
1756018819.419348001,0.018479062,-0.004301934,0.221785700,-0.683470125,0.729086109,0.025834149,-0.025191861
1756018819.430459023,0.018485584,-0.004206928,0.221794013,-0.683453694,0.729102508,0.025817580,-0.025180036
1756018819.441570282,0.018493255,-0.004129788,0.221802948,-0.683438753,0.729117374,0.025810743,-0.025162098
1756018819.452681541,0.018501478,-0.004061201,0.221812179,-0.683424525,0.729131507,0.025808565,-0.025141232
1756018819.463792324,0.018509700,-0.003992617,0.221821410,-0.683410298,0.729145639,0.025806387,-0.025120367
1756018819.474903584,0.018503502,-0.003922702,0.221814821,-0.683408726,0.729147118,0.025822808,-0.025103306
1756018819.486014605,0.018490379,-0.003852149,0.221800633,-0.683413234,0.729142519,0.025848163,-0.025088073
1756018819.497125864,0.018477256,-0.003781595,0.221786445,-0.683417741,0.729137919,0.025873518,-0.025072840
1756018819.508237123,0.018477828,-0.003720295,0.221789104,-0.683421215,0.729134908,0.025872293,-0.025067000
1756018819.519347906,0.018485016,-0.003663466,0.221799902,-0.683424188,0.729132664,0.025858228,-0.025065698
1756018819.530459166,0.018492205,-0.003606636,0.221810700,-0.683427162,0.729130420,0.025844162,-0.025064395
1756018819.541570187,0.018491043,-0.003565842,0.221815040,-0.683413304,0.729143337,0.025848335,-0.025062197
1756018819.552681446,0.018485837,-0.003532816,0.221816252,-0.683391291,0.729163598,0.025861344,-0.025059564
1756018819.563792467,0.018480631,-0.003499791,0.221817464,-0.683369277,0.729183859,0.025874352,-0.025056932
1756018819.574903488,0.018484687,-0.003467981,0.221822888,-0.683365523,0.729188167,0.025867013,-0.025041496
1756018819.586014748,0.018493250,-0.003436763,0.221830363,-0.683370656,0.729184712,0.025849769,-0.025019830
1756018819.597126007,0.018501812,-0.003405544,0.221837837,-0.683375789,0.729181256,0.025832526,-0.024998163
1756018819.608237028,0.018499681,-0.003388318,0.221834081,-0.683371656,0.729185013,0.025846077,-0.024987524
1756018819.619348049,0.018492330,-0.003377921,0.221824844,-0.683363002,0.729192290,0.025874657,-0.024982266
1756018819.630459070,0.018484979,-0.003367524,0.221815607,-0.683354347,0.729199567,0.025903236,-0.024977008
1756018819.641570330,0.018485923,-0.003355621,0.221819958,-0.683347495,0.729206257,0.025899924,-0.024972591
1756018819.652681589,0.018490934,-0.003342980,0.221830972,-0.683341528,0.729212658,0.025880972,-0.024968586
1756018819.663792372,0.018495945,-0.003330339,0.221841986,-0.683335561,0.729219059,0.025862020,-0.024964581
1756018819.674903631,0.018493692,-0.003328003,0.221846642,-0.683332334,0.729222190,0.025863537,-0.024959892
1756018819.686014652,0.018487862,-0.003330741,0.221848165,-0.683330457,0.729223710,0.025875132,-0.024954866
1756018819.697125912,0.018482033,-0.003333479,0.221849689,-0.683328579,0.729225230,0.025886729,-0.024949840
1756018819.708237171,0.018482483,-0.003333818,0.221854713,-0.683325273,0.729228747,0.025883186,-0.024941237
1756018819.719347954,0.018486040,-0.003332971,0.221861467,-0.683321262,0.729233252,0.025872158,-0.024930865
1756018819.730459213,0.018489597,-0.003332123,0.221868222,-0.683317250,0.729237758,0.025861128,-0.024920492
1756018819.741570234,0.018488840,-0.003333349,0.221872220,-0.683312917,0.729241734,0.025866887,-0.024916974
1756018819.752681494,0.018485938,-0.003335606,0.221874848,-0.683308424,0.729245447,0.025880988,-0.024916862
1756018819.763792276,0.018483037,-0.003337862,0.221877475,-0.683303932,0.729249160,0.025895089,-0.024916751
1756018819.774903536,0.018469385,-0.003387773,0.221885020,-0.683309715,0.729243431,0.025952056,-0.024866506
1756018819.786014795,0.018450367,-0.003461472,0.221895019,-0.683320621,0.729232981,0.026030421,-0.024791235
1756018819.797125816,0.018431349,-0.003535170,0.221905017,-0.683331518,0.729222523,0.026108785,-0.024715965
1756018819.808237076,0.018424401,-0.003553027,0.221908314,-0.683331366,0.729222881,0.026127690,-0.024689631
1756018819.819347858,0.018423513,-0.003542853,0.221908247,-0.683325670,0.729228670,0.026116751,-0.024687862
1756018819.830459118,0.018422624,-0.003532680,0.221908180,-0.683319974,0.729234460,0.026105811,-0.024686093
1756018819.841570377,0.018421833,-0.003527896,0.221911016,-0.683307297,0.729246396,0.026102529,-0.024687863
1756018819.852681398,0.018421091,-0.003525827,0.221915313,-0.683291103,0.729261428,0.026103104,-0.024691417
1756018819.863792419,0.018420349,-0.003523759,0.221919611,-0.683274909,0.729276460,0.026103680,-0.024694971
1756018819.874903440,0.018422087,-0.003515750,0.221922724,-0.683268356,0.729282531,0.026099851,-0.024701053
1756018819.886014700,0.018425081,-0.003504734,0.221925237,-0.683266681,0.729284067,0.026093793,-0.024708414
1756018819.897125959,0.018428074,-0.003493719,0.221927750,-0.683265007,0.729285603,0.026087734,-0.024715776