1756178965.4788451,-0.25804810647635074,0.031234132376187024,0.3874861364572353,0.6635009365040613,-0.5637123247003742,0.35932122126288224,-0.3359809253354784,0.08295696973800659
1756178965.5456328,-0.2454116826066542,0.03292311737708775,0.38360377271199503,0.6784562699150201,-0.5742380415177759,0.33861671214558614,-0.30868508830609204,0.0830247700214386
1756178965.556767,-0.24326802976130854,0.03309988758279305,0.3830396363489013,0.6806839729782065,-0.5759457860422574,0.33460839710242624,-0.30494753820832116,0.08271857351064682
1756178965.6124167,-0.23352760024677732,0.03482588405901791,0.3792641907273859,0.6916411996632521,-0.5831233361143272,0.3173287999761235,-0.2844328717166643,0.0781463012099266
1756178965.6235418,-0.23170810882675863,0.03533691802795328,0.37851110004406685,0.6937572432856308,-0.5845832157641028,0.3146153418561575,-0.2792499559612422,0.08306387066841125
1756178965.6680493,-0.22490782126653588,0.03692246436240465,0.37507806775918784,0.6998353977910093,-0.5897671582278255,0.3086385392097417,-0.25912809031259304,0.07818468660116196
1756178965.6791713,-0.22389143353822266,0.0370443221877456,0.373977691969268,0.7009590554809362,-0.5910578646054869,0.3070957661444934,-0.25494939427934055,0.08179429173469543
1756178965.6902945,-0.22418390334721527,0.03733482758120239,0.3726403758092004,0.7019920096570176,-0.5924636311741079,0.30526260332493055,-0.2510155515600149,0.08268488943576813
1756178965.7348187,-0.2174278966044198,0.03720964522277249,0.36865369703458023,0.7061950044441824,-0.5997828593801368,0.29310968290257405,-0.2358725314245404,0.08226282894611359
1756178965.7459483,-0.21745375877002002,0.037288099618515064,0.36726542944300294,0.7069831554462758,-0.601451055426486,0.29071350689804226,-0.23220056578017864,0.08215472847223282
1756178965.7793357,-0.2132286254794288,0.036781085530770585,0.36456517020923873,0.7077463028737624,-0.6067909586075105,0.2851143797877693,-0.22273233658123104,0.08265375345945358
1756178965.7904649,-0.21205548053271572,0.036594927486600135,0.3637988812139045,0.7075844962844823,-0.6088092500329949,0.2835364402683971,-0.21973293956988685,0.08259369432926178
1756178965.8238878,-0.2128210319982068,0.03607634209651784,0.3613650292972601,0.7075265591422759,-0.6144483766193676,0.2785897337759752,-0.21034999598941478,0.07923600822687149
1756178965.835029,-0.21204339308033796,0.03584872957081889,0.36034403756167793,0.7077442784543528,-0.6161249531266642,0.2765278911197754,-0.20741360582816926,0.07912493497133255
1756178965.8461654,-0.21106615606248308,0.035593565577084776,0.35953099927336724,0.7080134898001087,-0.6177269015354784,0.27437566913910566,-0.2045687306626233,0.07010959833860397
1756178965.9018366,-0.2048653706888675,0.03435721152335906,0.3548595687262999,0.7099445164136184,-0.6249845996792718,0.26469764738585005,-0.18790473449695258,0.07801767438650131
1756178965.9129696,-0.20384897799026708,0.03429232237332308,0.35396177463500283,0.7106550162647313,-0.6259333589781041,0.2633090314763012,-0.1839707365837696,0.08233986794948578
1756178965.9463654,-0.20095903993693834,0.033818527041110824,0.3516321821626843,0.7120950082626788,-0.6283042226016458,0.2603240025142351,-0.17431556666943282,0.08162031322717667
1756178965.957497,-0.20005552947110206,0.033631182415243044,0.351192004186969,0.7123006617751773,-0.6292274747429831,0.25920171624109134,-0.17179936717254257,0.08233177661895752
1756178965.9686258,-0.19919356328027993,0.0333408689657796,0.35068122260102297,0.7124205188710179,-0.6302460037084555,0.2578542145881801,-0.16958237856624128,0.08281335979700089
1756178966.0131433,-0.1956479759326979,0.03177577203659137,0.3491651645092918,0.712128111091282,-0.6349867192858232,0.2516478317541635,-0.16229229340180643,0.08162031322717667
1756178966.0242708,-0.19474495722475543,0.03137745822122666,0.3487591093002849,0.7119239396399553,-0.6363081106571662,0.24977071838964515,-0.16090643465863497,0.08223825693130493
1756178966.0354037,-0.1939216616160279,0.031001183529585016,0.3484354907607099,0.7119446086190158,-0.6374870457317645,0.24754383647556033,-0.15958442845548887,0.08233177661895752
1756178966.1021852,-0.18903253397544212,0.029278629582445127,0.3451401489311775,0.7140000725060373,-0.6417058208560862,0.23579534711510364,-0.1510565795311736,0.08325658738613129
1756178966.1133163,-0.1882128109674021,0.029048059525558334,0.34460424669526607,0.7140176065218995,-0.6423930815163049,0.23487335128741316,-0.1494807521112446,0.07835652679204941
1756178966.1355731,-0.1866639455948328,0.028691371383543857,0.3435883627514806,0.7143419766922068,-0.6434348669308394,0.2328024161902153,-0.14666338114594732,0.08274296671152115
1756178966.1689575,-0.18446184964970908,0.028270788472088405,0.3422111065908861,0.7159521029344308,-0.64386017296957,0.2278417536756779,-0.1447231814511879,0.08253733068704605
1756178966.1800783,-0.1837042840075524,0.028069859058470037,0.3419080723971956,0.7163817432865351,-0.6442235545095265,0.22569982194074117,-0.1443357200306764,0.08274296671152115
1756178966.1912072,-0.1833862166617594,0.027956676699134177,0.34166896616910725,0.7168103108770083,-0.6445338103851994,0.22357641214426785,-0.14412749017255153,0.0830036923289299
1756178966.2023354,-0.18266581403827092,0.02779266592447282,0.3416034351372035,0.7172111514532777,-0.6448845557070833,0.2213960481574971,-0.14393006601049185,0.08290436863899231
1756178966.2134628,-0.18195033349012807,0.027651763015398706,0.34129175477888374,0.7174915111886008,-0.6452298395998797,0.21952694022637936,-0.14384821158796163,0.07683037221431732
1756178966.269117,-0.17845063347737775,0.027145621050349913,0.33859219760865883,0.7182127845889761,-0.6472314250109049,0.21213586306839496,-0.14233851949324774,0.08245497941970825
1756178966.2802458,-0.1776415714460537,0.027068801601262602,0.33798602039257036,0.7184780119816709,-0.64771404523607,0.21042008055247446,-0.14134798054122394,0.08245497941970825
1756178966.2913742,-0.17679617897689695,0.027029705758937123,0.33727769564167875,0.7189176198441425,-0.6480746650648787,0.20857395274672297,-0.14019126440076743,0.08245497941970825
1756178966.3025086,-0.17592935610150556,0.026991856378323822,0.3363995493151431,0.719408529915739,-0.6483318533384431,0.2068250017793757,-0.13907046296815098,0.08248638361692429
1756178966.3136308,-0.17493071870966814,0.027051022333846597,0.33581323633928967,0.7199474848084677,-0.6485421943296014,0.20502921624193596,-0.1379552890588984,0.08212146162986755
1756178966.4137948,-0.1662495834462069,0.026177601025602754,0.3267682894189644,0.7197049319776159,-0.654542752352498,0.19386988511129366,-0.12654273537760205,0.08215904235839844
1756178966.4249213,-0.1651849580936244,0.026055737417192356,0.3258116935858163,0.7197747843612603,-0.6550064139528562,0.19279027438381627,-0.12539046048776453,0.08252601325511932
1756178966.5139508,-0.15695724048788504,0.025283999301014347,0.3172267397632509,0.7190677278499452,-0.6599572635972292,0.1802419469036057,-0.12211000600430838,0.08248638361692429
1756178966.5250766,-0.15582038298252995,0.025172318895787544,0.3159826359479386,0.7190701733156442,-0.6604743897283063,0.17873926600568418,-0.12150695925987158,0.08197346329689026
1756178966.5362043,-0.1547442172226824,0.025075735069989488,0.3146619344087824,0.7192416830161338,-0.6608203526773453,0.1773216176103184,-0.12068515578797778,0.08177026361227036
1756178966.5695856,-0.15169000747185432,0.024932890456513774,0.31047308686069724,0.7199354704314586,-0.6618085354676979,0.17314593566860004,-0.11714463606234969,0.08154329657554626
1756178966.5807114,-0.15059761256690113,0.02475805183079603,0.30913459662715415,0.7201097121921038,-0.6622469406521295,0.17152419153039616,-0.11597604805882993,0.08154329657554626
1756178966.6363463,-0.14584183545825993,0.023956233637558513,0.3016998641476281,0.7205073744256751,-0.6649846791022741,0.1618400211357298,-0.11167948565538766,0.08154329657554626
1756178966.6474738,-0.14490379766077532,0.023605938991882687,0.30026874001830944,0.7202320081142003,-0.6658328902699484,0.16018311690330483,-0.1107871192047865,0.08231465518474579
1756178966.6586,-0.14400777472177032,0.02329600405925545,0.29889017064915097,0.7200032596560876,-0.6665348359596885,0.158646706164589,-0.11026260091221356,0.08026640862226486
1756178966.680847,-0.1422759312316932,0.022798170287646812,0.2962548722313208,0.7194023927700909,-0.6678693734646503,0.1566550482703329,-0.10894903907801738,0.07918871939182281
1756178966.6919668,-0.1413798785009089,0.022564917131717273,0.2949968589658007,0.7191689608039767,-0.6684394279743135,0.15585261405139939,-0.10814203456032373,0.08071719855070114
1756178966.7030876,-0.14052515024441414,0.022328330227752543,0.2936598286426616,0.7189992718703206,-0.6689307148208402,0.15510880992415685,-0.10729866216845493,0.07974352687597275
1756178966.7698526,-0.1360673539546245,0.02078389512333461,0.28537670169846635,0.7180916703924006,-0.6720711648748692,0.1487273975080985,-0.10268818572385129,0.0794709101319313
1756178966.7809768,-0.13514477160775565,0.02043895014098989,0.28401949255725795,0.7178856014070543,-0.6727303523638934,0.14738661628611852,-0.10174144504827878,0.0794709101319313
1756178966.8143537,-0.13298547623777496,0.019324668495320677,0.2795552070996474,0.7169910545327942,-0.674925158243473,0.14374147592143524,-0.09868255463810323,0.0794709101319313
1756178966.825479,-0.13225433210669324,0.01894818092848911,0.27806361247237465,0.7167447689801116,-0.6755933770255261,0.1425800137973022,-0.09757799303353684,0.07974352687597275
1756178966.836604,-0.13153969298476917,0.01859906935956454,0.27655446552548796,0.7166438995094091,-0.6761144788257262,0.14139282070788947,-0.09643030161951888,0.07974352687597275
1756178966.8922358,-0.12861709494600232,0.017170737883917913,0.2685467313583321,0.7170269067864021,-0.6780366028846936,0.13509213874211076,-0.0888194468739279,0.0794709101319313
1756178966.9033601,-0.1280758887388745,0.01688239911094034,0.2669824284304901,0.7171325646474337,-0.6783772822117751,0.13383283390366615,-0.08725778057270205,0.0794709101319313
1756178966.9144878,-0.12747545458345888,0.016576992324067945,0.2655212528437915,0.7172124154211439,-0.6787222218610044,0.13261907375099777,-0.08575941928008522,0.079054094851017
1756178966.9812424,-0.12468600311060835,0.014440464403285135,0.2571946064092534,0.716688527649967,-0.6812040689418123,0.12621167684413784,-0.07993236778822464,0.0794709101319313
1756178966.9923642,-0.12424531624076561,0.014105076305379008,0.2559334984996281,0.7165512845614188,-0.6816084352252733,0.12533922000276893,-0.07908399049259314,0.0794709101319313
1756178967.003484,-0.12378263086267195,0.013762565512960479,0.2547276222132121,0.7163562631523434,-0.6820235930305703,0.12467284945092641,-0.07832115551923623,0.0794709101319313
1756178967.0591118,-0.1214263799890718,0.011766292460081906,0.24920312941310782,0.714058182779369,-0.6850704580706163,0.12225190202919203,-0.07651046683288434,0.0794709101319313
1756178967.0702367,-0.12092024212652344,0.011407874979563111,0.2481368565127116,0.7136140729834445,-0.6856909316751069,0.12150578035992422,-0.0762839851976091,0.0794709101319313
1756178967.081361,-0.12040599671128371,0.011080302773361573,0.24708765808478272,0.7132387588155127,-0.6862445425415421,0.1206873603746027,-0.07611479357567383,0.0794709101319313
1756178967.0924885,-0.11990583866554444,0.010778099449261641,0.24602450069263274,0.7129213693546167,-0.6867412549130707,0.11975917035428021,-0.0760743783018539,0.0794709101319313
1756178967.1481209,-0.11740313280226136,0.00975761103306801,0.24033563489380072,0.7121841867599829,-0.6885732381539712,0.1135810412865012,-0.07589418217129952,0.0794709101319313
1756178967.192622,-0.11533077618469358,0.00960048959129205,0.2356976166580316,0.711968366216199,-0.6893299228117712,0.11127146767057122,-0.07445779681263036,0.0794709101319313
1756178967.203747,-0.11474231238251882,0.0096207458244939,0.23451250161283857,0.7118726590217791,-0.6895696827492439,0.11060664839132682,-0.07414269554046635,0.0794709101319313
1756178967.2148712,-0.11413991690973276,0.009597498058152375,0.2333005989885783,0.7117426769006319,-0.6898789894178726,0.10974715951861305,-0.07378958473723386,0.0794709101319313
1756178967.270505,-0.11126413619760665,0.010003418434344971,0.2263361399836738,0.7124757186552195,-0.6903639308525519,0.103819213551641,-0.07069345232806157,0.0794709101319313
1756178967.281632,-0.11069928551561228,0.010235928084968548,0.22497753422881825,0.712860269365575,-0.6901633906642727,0.10296906958642603,-0.07001500735799326,0.07974352687597275
1756178967.292758,-0.11012568337275619,0.010427187245153777,0.22363050602042733,0.7131399763317704,-0.6900460543025678,0.1022132005897606,-0.06942822714268948,0.07994944602251053
1756178967.3595128,-0.10683783831091959,0.010474927457392102,0.21565239035092845,0.7127860827805381,-0.6915304282597975,0.09693543343230603,-0.06576616706550543,0.07321044057607651
1756178967.3706372,-0.10633203604701166,0.010604682354948915,0.21426862707349512,0.7129534115491597,-0.6915824637271154,0.09560837265179582,-0.06534652174693802,0.079054094851017
1756178967.4040105,-0.10499775433699063,0.010627985107513815,0.21018287845357145,0.7135199215956056,-0.69170733203504,0.09226146616167599,-0.06259480934442968,0.07794138044118881
1756178967.4151397,-0.10459174436811,0.010634485942772318,0.20893611106345442,0.713806795985737,-0.6915943258401017,0.09146212112232491,-0.061739994089379045,0.0759543627500534
1756178967.4596348,-0.10316749871691677,0.010467665824552629,0.20457648175781673,0.713926247173713,-0.6918766634013637,0.09074984875938966,-0.05814173361022863,0.0757928192615509
1756178967.470762,-0.10281141666261481,0.010360437931240286,0.20358683599356692,0.7140088564458807,-0.6919311572748831,0.09019673620657287,-0.05733389300203724,0.07481744140386581
1756178967.4818797,-0.10249466864945278,0.010232825275254872,0.2026036919216963,0.7141303524653716,-0.6919912525408137,0.08922440540057511,-0.056612291735926676,0.07557814568281174
1756178967.4930031,-0.10221126200596398,0.010063457068032581,0.20162636832830558,0.7142420932574353,-0.6920655502982035,0.08811727889335567,-0.05602545376980548,0.0757928192615509
1756178967.5041265,-0.1019346702536548,0.009855642943387335,0.2006882401089583,0.7143156907982998,-0.6921726659343308,0.08703999921104659,-0.055444864054751485,0.07503239810466766
1756178967.5152454,-0.1016416288938631,0.009618588745780823,0.1997874623759644,0.7143356818052509,-0.6922990886022768,0.08624395677095816,-0.05484966308714528,0.07339327782392502
1756178967.5263515,-0.10137638247949345,0.00939389690666665,0.19900450376993192,0.7143201857823714,-0.6924069131204754,0.08581722175150608,-0.05435755051200834,0.07057645171880722
1756178967.615341,-0.09969068833568884,0.0061454014434300305,0.194547399294365,0.7112977161052724,-0.6958270893289752,0.08266932704884766,-0.055190607757845615,0.06981469690799713
1756178967.6264615,-0.09948671273416951,0.005631274783888818,0.19407786501334162,0.7108711296584673,-0.6963363612933258,0.08172383707563195,-0.055669771083601494,0.06894858181476593
1756178967.6375844,-0.09931231510404318,0.00511007980367207,0.1936273242820836,0.7104039462785944,-0.6968738245084884,0.08092270074129661,-0.05607693225780857,0.06779979169368744
1756178967.726575,-0.09836806551548774,0.0019849357835581343,0.19057285318180794,0.7088675784202587,-0.6987932673174385,0.07520609359128716,-0.05948755586806238,0.06628232449293137
1756178967.737694,-0.09823569575159508,0.001661735591725987,0.19018673443780698,0.7087432984529587,-0.6990109256746984,0.07401047589507424,-0.059909199153438474,0.06722424924373627
1756178967.7488163,-0.09812249205766331,0.0013772064056047665,0.18978906395912654,0.7085727267818017,-0.6992639562129996,0.07301341081391166,-0.06019677934628687,0.06702744960784912
1756178967.8044448,-0.09773772527732813,0.0004420270421828217,0.18791300218651974,0.7091549261580365,-0.6988478175016476,0.07066757504357593,-0.06096812705368545,0.06594010442495346
1756178967.8155704,-0.0975991501184594,0.0002255484014326058,0.18753503996273754,0.7089769819558964,-0.6990696225251357,0.07037828602988623,-0.060829259199568636,0.06417099386453629
1756178967.8489134,-0.09720709403926905,-0.0005984260136881652,0.1862453084134838,0.7083521856498886,-0.6999563553845028,0.0670111002010144,-0.06170732607818178,0.06268041580915451
1756178967.8600268,-0.09706174544996835,-0.0008354036327316667,0.1859008275961334,0.708216859220693,-0.700144778598703,0.06552488847345608,-0.0627109105905141,0.06102382391691208
1756178967.871143,-0.09686496895474717,-0.00111922136115315,0.18559024972830399,0.7079564590177168,-0.7004285039130252,0.06406736273496633,-0.06397605859572293,0.059506744146347046
1756178967.9045196,-0.09641445403627916,-0.0019518084161895015,0.18493499972441405,0.7064982456920462,-0.7017846691188283,0.06108247234268694,-0.06802527909786708,0.05355767160654068
1756178967.9156444,-0.09630019493052032,-0.0021487378476027453,0.18480901987859885,0.7061976148874722,-0.7020252471025586,0.06077348951187004,-0.06893521690969955,0.05560556799173355
1756178967.97127,-0.09579315166408867,-0.002187581655432834,0.1839337071517819,0.7069607270748751,-0.7009885787733245,0.06159460033045251,-0.07090590957917668,0.055015332996845245
1756178967.9823878,-0.0956937276007815,-0.0021430767375893315,0.18368287787797266,0.707257099662318,-0.7007144463831297,0.060942115930355006,-0.07122301673729525,0.057851217687129974
1756178968.038017,-0.09523757412986959,-0.0017452413257310713,0.18182022202680098,0.7087067688866047,-0.6996583158019659,0.0550673067025803,-0.07197602792589361,0.05794166028499603
1756178968.0491416,-0.09509592563991132,-0.0017057147015932727,0.18150105707374709,0.7088443643362912,-0.6995742945314533,0.05431167130953171,-0.07201191525757716,0.05703927204012871
1756178968.0825093,-0.09471767052872532,-0.0016131248848957596,0.1807616501400188,0.7089324766530161,-0.6995343399437723,0.05153335412643142,-0.07355789691482016,0.05529817193746567
1756178968.0936313,-0.09456674109704315,-0.0016027929810253309,0.18056379288363505,0.7089132820241826,-0.6995604457061555,0.050707840566001264,-0.07406656653470406,0.05407855659723282
1756178968.12701,-0.09424282103995492,-0.0015905600883477245,0.18012979144585464,0.7087846850677275,-0.6996477763367928,0.049573415666435576,-0.07523121519413392,0.05266640707850456
1756178968.1381366,-0.09416197901096912,-0.0015411327110667547,0.18004505655894873,0.7088884072571758,-0.6995144176826839,0.04955191595106052,-0.07550770249464041,0.05325146019458771
1756178968.1826293,-0.09389568742039282,-0.0012728634436732491,0.1795208161972127,0.7096333212012007,-0.6987897467867046,0.04730465641492383,-0.07665317154686302,0.05162525922060013
1756178968.1937559,-0.09385685913173095,-0.0012315595996571244,0.17931988109222194,0.7098526628633927,-0.6986215997282498,0.04634711406829183,-0.07673983604642699,0.050863929092884064
1756178968.2048626,-0.094040745309605,-0.0012468122581786624,0.17900771553866301,0.7100011258429414,-0.6984931039289374,0.045555401119499656,-0.0770096779263237,0.04610994830727577
1756178968.2605135,-0.09396451541986384,-0.0012362108939391499,0.17874159978576692,0.7098536830672575,-0.6985558620667935,0.04500210493345203,-0.07811700685207501,0.04415375739336014
1756178968.271628,-0.0939739797310257,-0.001317507994097411,0.17883058507998992,0.7094897745895883,-0.6988845837978891,0.04651737162801527,-0.07759337870777154,0.03316617012023926
1756178968.3161333,-0.0938374724653197,-0.0020313924915453824,0.17917312388395237,0.7077358436906879,-0.7005096375521979,0.05268320732586214,-0.07497134731201405,0.03242604807019234
1756178968.3272514,-0.09388289556793802,-0.00222605767788889,0.1791917418752789,0.7073796468199733,-0.7008535333994956,0.05343952165504476,-0.07458268908782899,0.028938762843608856
1756178968.3383634,-0.09398926996499828,-0.002374721983789068,0.1791784979334939,0.7070820053924843,-0.7011506886641627,0.05365615186373987,-0.07445647589759022,0.03131210803985596
1756178968.3939583,-0.09434244231619668,-0.0026648612724514426,0.17893552031176985,0.7080954523590858,-0.7003268500902885,0.05096156288434937,-0.07447182352662585,0.031296566128730774
1756178968.4050767,-0.09440905615628138,-0.002604701451280155,0.17885952812763442,0.708415094498366,-0.7000595264449042,0.05073462080733253,-0.07409933584144822,0.030767399817705154
1756178968.438464,-0.09459007574334713,-0.002550947866819508,0.1787783871003159,0.7088900641624021,-0.6996647455380709,0.05051764654010767,-0.07343083937298295,0.02745370753109455
1756178968.4495952,-0.09464733041763429,-0.0025670001479145043,0.17874520319880566,0.7088236119371344,-0.6997428687466051,0.05071154117117747,-0.07319388219455296,0.029513252899050713
1756178968.4607263,-0.09469509744471141,-0.0026040085287056527,0.17871173869261922,0.7086255438698726,-0.6999582659680386,0.05083040050461073,-0.07296941045866057,0.029552025720477104
1756178968.5052323,-0.09466177666601495,-0.0031078999433500542,0.17873941257630194,0.7073293955499069,-0.7012801252457005,0.050129629310373944,-0.07333711469360328,0.029046429321169853
1756178968.5163643,-0.09471894581960312,-0.0031020520213171053,0.1786762876910171,0.7071465203832091,-0.7014658544594321,0.05001527157178867,-0.0734024955094758,0.029250573366880417
1756178968.527496,-0.09474379431793908,-0.003045343690416532,0.17865279111296856,0.7071483650220753,-0.7014670191164549,0.05003500879950582,-0.07336013108571972,0.02930637076497078
1756178968.583141,-0.09466235898005985,-0.00285347170499726,0.1786323284452953,0.707934353844182,-0.700746279499354,0.04973791477745807,-0.07286797821144894,0.02930637076497078
1756178968.5942748,-0.09468583292485973,-0.002862871050445014,0.178593953685278,0.7080287078325078,-0.7006677801976885,0.04955119892544497,-0.07283329844874552,0.02930637076497078
1756178968.605409,-0.09468246409228387,-0.002867934745345974,0.17855949952594113,0.7079678403458876,-0.7007360878239148,0.049465231113982495,-0.07282625328859653,0.029275573790073395
1756178968.649928,-0.09447931143596563,-0.002937643025319579,0.1785200286156535,0.7076517695201485,-0.7010812143593976,0.049121804965606385,-0.07280901210891333,0.02954857423901558
1756178968.6610653,-0.09446271982490013,-0.003087776627317947,0.1785276255554965,0.7078451568878104,-0.7008883756812534,0.04894024604312459,-0.07290796268312388,0.029067764058709145
1756178968.6721952,-0.09447911839383175,-0.003074563025811556,0.17849455906325554,0.7079668598254574,-0.7007706635939048,0.04889187207493006,-0.07289024132247295,0.02923339605331421
1756178968.6833427,-0.09460466066612953,-0.003004294090087987,0.1784655130081243,0.7079596974414424,-0.7007914036189412,0.04889357831427545,-0.07275914658681382,0.029051650315523148
1756178968.6944716,-0.09460268523378523,-0.0030274425695473225,0.1784608021504361,0.7080038713496056,-0.7007606324065118,0.04878187718635371,-0.07270063742067552,0.029468229040503502
1756178968.7056017,-0.09460577701314973,-0.0030015446549455944,0.17843312012500712,0.7080757686927819,-0.7007104989443048,0.048688885068178936,-0.07254581263013739,0.028744278475642204
1756178968.7501142,-0.09445093291041395,-0.002897682522253085,0.1784807447431773,0.7086642588915136,-0.7001638027326224,0.04829236626906061,-0.07234269052827702,0.02921321801841259
1756178968.7612438,-0.09446445132800518,-0.002908191273929407,0.17843914471468625,0.7086953410093785,-0.700151950769041,0.04810670155176384,-0.07227658494779983,0.029212959110736847
1756178968.7723713,-0.09443821051423648,-0.0028690590834785897,0.1784247913135007,0.7088632665125276,-0.7000025110620239,0.04795904203787878,-0.07217537102681977,0.028498057276010513
1756178968.8947873,-0.09422704554995036,-0.0017250389047910875,0.17853011265705052,0.7121364625003759,-0.6969733855504886,0.04667538668098597,-0.070079718106747,0.029092973098158836
1756178968.905921,-0.09415295979708713,-0.00172214448235205,0.17850279067492547,0.7124309800917953,-0.6966702763859479,0.04646647213289943,-0.0702388181370769,0.02929065376520157
1756178968.9170527,-0.09412451147562406,-0.0017121207616176302,0.1784806422161666,0.7126203265767984,-0.6964644277664265,0.046459127879615474,-0.07036419858299411,0.028749961405992508
1756178968.9726927,-0.09413005529698355,-0.00153585943111281,0.1784382213790514,0.7144638166788203,-0.694597396766952,0.04581522966182515,-0.0705469757845131,0.028924493119120598
1756178968.9838219,-0.09414207709676412,-0.0016169604587787144,0.17847794898351735,0.714658960645653,-0.6943462203194086,0.0458924540004609,-0.07099140062600456,0.029151607304811478
1756178969.0283453,-0.09455611465424076,-0.0018143222756949254,0.1784522263923243,0.7144936336979774,-0.694262742728727,0.04691983230481816,-0.07277788675369422,0.028707390651106834
1756178969.0506053,-0.09469859827388162,-0.0016307233354371274,0.17850981851341935,0.7160994265785461,-0.6925610030102082,0.047010783121529204,-0.0731495361138579,0.028492078185081482
1756178969.061735,-0.09470479829008258,-0.001775443662970804,0.178581101927501,0.7160656802258777,-0.6925338981930741,0.04706501109557542,-0.07369956707287642,0.02915256842970848
1756178969.072855,-0.09481021280696206,-0.002042131201372102,0.1786291672819974,0.7152989120780104,-0.6932170662819122,0.04734762612917447,-0.07453702231405443,0.028929565101861954
1756178969.0839806,-0.09496952028022157,-0.0023228803378012976,0.1786477164052851,0.7145096863042227,-0.6938863380887634,0.04766582416320617,-0.0756678742799737,0.028923777863383293
1756178969.1396174,-0.09551499191156057,-0.0027377709547868525,0.17884052237017023,0.7148290646748113,-0.6932927144132063,0.047384611171127994,-0.07822607661044813,0.028708763420581818
1756178969.150748,-0.09556758196917825,-0.0028202086138080116,0.1788201448961736,0.7144621859867527,-0.6936462689915631,0.04727024804476255,-0.07851217713769905,0.028486190363764763
1756178969.184135,-0.09581503834855906,-0.003056779760572657,0.1788966276370301,0.7139044908398517,-0.6941179714996554,0.0471639965456082,-0.07947437970655381,0.028486190363764763
1756178969.1952627,-0.09588830835090029,-0.002955059476466442,0.1788889575754558,0.7141048819177097,-0.6939181847019118,0.04714817327975603,-0.07942808267658966,0.029077768325805664
1756178969.2063894,-0.09591991918514894,-0.0028983875332213114,0.17889729181971004,0.7142357217185173,-0.6937910521893622,0.04696787032584891,-0.07946904353432448,0.028729449957609177
1756178969.26205,-0.09600004702333889,-0.0034933328152929903,0.17905040101321323,0.7135315389859421,-0.6943737937501702,0.045362805369621395,-0.08160878209082043,0.029771490022540092
1756178969.273183,-0.09602434245416175,-0.003525507697508137,0.17901627061990014,0.7134008652657138,-0.6945075531571228,0.045194136929163325,-0.08170651157077469,0.0290619395673275
1756178969.2843113,-0.09604565867133774,-0.0035257050795488125,0.17899677111641138,0.7133938736002926,-0.6945152552280386,0.04494768117097467,-0.0818379332733572,0.02908972091972828
1756178969.2954392,-0.09604637478953845,-0.0035538589535875865,0.17899069023496633,0.7133991064478981,-0.6945048437754018,0.04459099081573205,-0.0820754557094665,0.02884865179657936
1756178969.306567,-0.09606663093466372,-0.003612924551451949,0.17898935640912378,0.7133120345232034,-0.6945796250823214,0.0442480726997909,-0.082384427455825,0.02927682362496853
1756178969.317699,-0.09606723373583069,-0.0036685754937888695,0.17897926107392315,0.7132814567442204,-0.6945950687443074,0.04392416785311398,-0.08269172521688872,0.028486190363764763
1756178969.4178495,-0.09646815195081873,-0.002760384378394983,0.1790797726473328,0.7145507067413551,-0.6931029811231443,0.04063386605799795,-0.08587452464393,0.028592178598046303
1756178969.4289787,-0.09657044013471944,-0.0027488792728003336,0.1791840994619265,0.7145826426526324,-0.6930187282744129,0.04100457446093553,-0.08611221721552179,0.026948651298880577
1756178969.4734914,-0.09631225888862045,-0.002232958631134192,0.1799730625812152,0.7146274349508474,-0.6928030713677548,0.042893455194230594,-0.08655452050862876,0.028460726141929626
1756178969.4846222,-0.09628816685449251,-0.002207094516351384,0.18036975177376782,0.7146374886699078,-0.6927009105893502,0.0435788563367878,-0.08694591155787659,0.028986135497689247
1756178969.5068758,-0.09598562784237963,-0.0021275927722424724,0.1813734462300186,0.7141455567694529,-0.6929825391708913,0.045300322141531436,-0.08785900616661739,0.029343217611312866
1756178969.518004,-0.09581000393303372,-0.002162258784080901,0.1819761150969854,0.7137251233094565,-0.6932957735186049,0.04588931827387043,-0.08849626685064135,0.028167570009827614
1756178969.529131,-0.09564683463538796,-0.002175865724262869,0.18258117023672057,0.7134535297782351,-0.693476702646655,0.046078815141663676,-0.08916763161843193,0.028167570009827614
1756178969.584764,-0.09468065909723353,-0.0012375301059592593,0.18622962735127033,0.7145625220863681,-0.6919912888271663,0.04672640784920023,-0.09146092622752208,0.028167570009827614
1756178969.595892,-0.09446422254004402,-0.001098696992382459,0.18717357143300248,0.7146824736593659,-0.691738685781357,0.047362537620589465,-0.09210506211793859,0.028167570009827614
1756178969.6070187,-0.09416318325180421,-0.0009812424092922956,0.18818045003402703,0.7146865019430062,-0.6916017625596746,0.04802052789067761,-0.09275901501159486,0.028371309861540794
1756178969.6403983,-0.09294847768281819,-0.0008372036920828302,0.19151428630117018,0.7142590006886003,-0.6915755261852417,0.05060264679945107,-0.09485116580105155,0.028167570009827614
1756178969.6849053,-0.09054644329181397,-0.0010326118233026978,0.19670023423255606,0.7125587901386077,-0.6924760676044975,0.056252072546608,-0.0978395151532678,0.028371309861540794
1756178969.6960332,-0.08985024194402258,-0.0010788772022569948,0.19795235234869185,0.7123103657025329,-0.6925467301649684,0.05715740435087944,-0.09862048761999007,0.028371309861540794
1756178969.7294133,-0.08733876444276527,-0.0012962105088527732,0.2015267715073255,0.71169276035634,-0.6926920549810494,0.058343459583661716,-0.10132705732583752,0.028167570009827614
1756178969.74054,-0.08640217878796151,-0.0013962540552772545,0.20266753764522158,0.711471649508136,-0.6927774012491814,0.058443508180298455,-0.10223463511052515,0.028371309861540794
1756178969.7516632,-0.0853560244796113,-0.0014366472992244344,0.20376765513869477,0.7112828000918369,-0.6928705790301463,0.05854259604934356,-0.1028586576606439,0.02816261351108551
1756178969.7627907,-0.08434399832651288,-0.0014520069876362588,0.20478950701657925,0.7110918635642043,-0.6929883263766164,0.0588228833427107,-0.10322504286157144,0.028167570009827614
1756178969.7739186,-0.08325930141212291,-0.001370515008295133,0.20585911129452517,0.7111324837448453,-0.6929039710627084,0.059294477314990726,-0.10324166992236698,0.028167570009827614
1756178969.8184316,-0.07818494859539818,-0.0005593355972988556,0.2101498195748118,0.7116768405239174,-0.6922055765970294,0.06302518449802916,-0.1019575426776165,0.028393296524882317
1756178969.8295584,-0.07681135626416205,-0.0004209111640227428,0.21126387733569607,0.7114561019019954,-0.6923273387824821,0.06398002930616427,-0.10207657366294175,0.028377128764986992
1756178969.8406837,-0.07538867457003341,-0.000285378191011181,0.21235794916015235,0.7112027258469215,-0.6924764978736355,0.06467433934201298,-0.10239244342844664,0.028398972004652023
1756178969.9074395,-0.06642600250632691,0.0010298076522854815,0.21851092735040642,0.7108007615143235,-0.692257567122843,0.0661859708050877,-0.10564636984018137,0.02817348949611187
1756178969.9185638,-0.06471681475200328,0.0013225573369396492,0.21955312080050748,0.7106182410340562,-0.6923429265483532,0.0666280813489527,-0.10603625014061421,0.02650093100965023
1756178969.9296901,-0.0631388761681018,0.0016603325149480049,0.22060379848971792,0.7105343449089746,-0.6923060651486383,0.0672905551204084,-0.10642010174196759,0.028396939858794212
1756178969.974196,-0.056553087769104116,0.003184491477099393,0.22476653624302392,0.7097676328018114,-0.6924081571565429,0.07066468259507071,-0.10866164900152767,0.028171509504318237
1756178969.9853196,-0.05470958833968083,0.0035656897228752114,0.22570821339361363,0.709410253584344,-0.6926439420623279,0.07105600752670167,-0.10923600792834094,0.026442943140864372
1756178970.0186958,-0.04954203250189149,0.005109389971685264,0.22821228144694053,0.7096770685124021,-0.6922616362321374,0.07135059438592595,-0.10973321333863408,0.028398822993040085
1756178970.0298257,-0.04792829252708906,0.005662065948213136,0.22898652031457126,0.70998530987643,-0.6919544922916631,0.07141137361809671,-0.10963692842757551,0.026450691744685173
1756178970.0632088,-0.04261323871481052,0.007269277986887356,0.23097390186322964,0.7103863949823781,-0.6917578075135619,0.0709982977719214,-0.10854283615909369,0.028167570009827614
1756178970.074343,-0.04068890473070652,0.007642368486880803,0.23185638091006722,0.710710082739048,-0.6915339719521858,0.07077222305865749,-0.10799646462928632,0.026418931782245636
1756178970.085471,-0.038805736823045237,0.008203482146462094,0.2325216731323555,0.7109806462819075,-0.6913484982221663,0.07097684886015254,-0.1072663113209334,0.026453854516148567
1756178970.1188526,-0.03299952993897556,0.009976837482143097,0.2345528061585482,0.7112383285331606,-0.6911786992009388,0.07294794414090941,-0.10531212295775266,0.029057281091809273
1756178970.1299772,-0.031075467649152116,0.010520016566059524,0.23527500077339772,0.71119867338132,-0.6912298560271974,0.07368495432559977,-0.10472946396933663,0.02635698765516281
1756178970.1411097,-0.029057637143035407,0.011074528669077034,0.2360348027663992,0.7112215889976552,-0.6912471443582291,0.0743357108121295,-0.1039973021683717,0.028398972004652023
1756178970.185616,-0.02120166416655972,0.013584134078665329,0.23841832554117842,0.711702691119775,-0.6908672544593444,0.07635604238141322,-0.10174217886661067,0.026418931782245636
1756178970.1967416,-0.019251952980663192,0.014195223890169112,0.23896402625880414,0.7116361274085367,-0.6908674409068172,0.0771549740830564,-0.10160369696073729,0.026351168751716614
1756178970.2412496,-0.011320329895182155,0.016432948074204052,0.24100726305513406,0.7109888397691161,-0.6912400504866006,0.07925507580751845,-0.10198379913394323,0.029512256383895874
1756178970.2523773,-0.009384703880406256,0.01710406459829327,0.24128475583283365,0.7109148153065242,-0.6912846734364573,0.07963760813992801,-0.10189934749198652,0.02635246515274048
1756178970.2857585,-0.0034771098939975625,0.018874376734704826,0.24217580077388945,0.7105893708116009,-0.6915468027636675,0.08054266051095196,-0.10167913018284307,0.026351168751716614
1756178970.296886,-0.0015686116205183079,0.01952273312329289,0.2423635930351869,0.7107926561117294,-0.6913710435033281,0.08049883974953284,-0.10148801417769106,0.026403676718473434
1756178970.3302653,0.004279195351958871,0.021229560931326222,0.24280777448258295,0.7119736640235059,-0.6904036329595734,0.07940372356825143,-0.10065472674774506,0.026414314284920692
1756178970.341393,0.0062124030156725865,0.021717006581234998,0.24292068460954133,0.7121432345479712,-0.6903002870235121,0.07921869779890338,-0.100309147847322,0.026396561414003372
1756178970.3636463,0.010080477376266946,0.02269834472870346,0.2430889504656066,0.7123018236799785,-0.6902984986534022,0.07925236031264206,-0.09916228176030886,0.0287400521337986
1756178970.3747735,0.011978983685002761,0.02321420536305898,0.24306396976127742,0.7125571743842343,-0.6901443136661568,0.07924327572598808,-0.09840529863803223,0.026351168751716614
1756178970.3858998,0.013870847702443595,0.023670160085289257,0.2429994528384303,0.712907025241552,-0.6899020239197682,0.0790894127802372,-0.09769153258459112,0.027046876028180122
1756178970.4304056,0.021230751131939486,0.025176343551186357,0.24272126628306703,0.7126625180814433,-0.6904356411970218,0.07861489738210403,-0.09607527567629032,0.026408787816762924
1756178970.4526587,0.024805313287961366,0.025964506595310608,0.242482176386711,0.7129924565750185,-0.6902094278855432,0.07879135825966789,-0.09510323016926464,0.0287400521337986
1756178970.4637847,0.026606811365659434,0.026383294499853584,0.24216043411035204,0.7134392143551778,-0.6898282677397936,0.07865197200947009,-0.09463253006447668,0.02618047408759594
1756178970.474908,0.028721590556343685,0.026469973090562482,0.2421830815166753,0.7138350279301876,-0.6895183785706841,0.0781839201235622,-0.09429333564613938,0.026250198483467102
1756178970.5194154,0.03603651720388504,0.027026506872815118,0.2412038597928658,0.7138033508634051,-0.6899468591471046,0.07647065970170448,-0.09279195037289534,0.02618047408759594
1756178970.5305412,0.037731763441707894,0.027289649981761598,0.24090188927326472,0.7140114947687801,-0.689854292933301,0.07630154442012767,-0.09201474978855692,0.028398972004652023
1756178970.5416691,0.03941581762246496,0.027449430058564157,0.24046526895078763,0.7144714334909635,-0.689523524370396,0.07606710316368302,-0.09111353292174144,0.026648547500371933
1756178970.5973012,0.047508645052353,0.02783255723562099,0.2377827438153273,0.71513224041784,-0.6894518062887323,0.07465289190422583,-0.08757300526133108,0.028397420421242714
1756178970.608426,0.04917916989396224,0.027693470123269323,0.23717832711900833,0.7150632130395973,-0.6895930085870207,0.07447874969597217,-0.08717224162033199,0.026418931782245636
1756178970.6418037,0.053868360102465755,0.027379095423295925,0.23542528077400776,0.7149656214037166,-0.6898869905232082,0.07379316795398191,-0.08622452598271309,0.027053076773881912
1756178970.6529293,0.055464118597602204,0.027173692824237653,0.23492348097236024,0.7147297666137054,-0.690176681265557,0.07356797848530701,-0.08605383137993018,0.027053076773881912
1756178970.6640534,0.056941968109833756,0.026920335207840724,0.23441248748208507,0.7143788978946587,-0.6905669956838507,0.07345374359858182,-0.08593347581907243,0.026634063571691513
1756178970.7085578,0.06267359491335404,0.025919238946369216,0.23152749112063176,0.7136658348574929,-0.691642055036702,0.0720574429232275,-0.08438050000522189,0.028808360919356346
1756178970.7196846,0.06411976365040263,0.02571767855646475,0.23072101814447163,0.7137512450776292,-0.6916986352258099,0.0714219566708686,-0.08373208633606857,0.027109209448099136
1756178970.7308106,0.06548485501166576,0.025491694710666618,0.22986331027337037,0.7138142841134519,-0.6917777907025197,0.07084334658935976,-0.08302937028763385,0.02859169989824295
1756178970.7864444,0.07212052313939696,0.024370956196842777,0.22519180170446915,0.713515408687741,-0.6927937169884972,0.069372372268147,-0.07823107587345031,0.028799965977668762
1756178970.7975707,0.07327521185817829,0.024098520791029247,0.2242401241968829,0.7135001804457494,-0.6929449284723558,0.06916201528528415,-0.07721032476296705,0.02901461347937584
1756178970.8086975,0.07459164666913945,0.023815995671307807,0.22324721083627627,0.7134939467764583,-0.6930810894940911,0.0689707156987824,-0.07621044334626302,0.027426104992628098
1756178970.842076,0.07826785354759405,0.023136848098573606,0.2203484295106648,0.71353999840821,-0.6933049092066921,0.06898977225898476,-0.0736843597052025,0.02901461347937584
1756178970.8531954,0.08029326509650722,0.022911378460065888,0.21969082328267397,0.7135330121916507,-0.6934159820096746,0.06868443302010477,-0.07298880096956839,0.027214201167225838
1756178970.8643184,0.08140397979670363,0.02261681582679425,0.21883074643603326,0.7134090288658705,-0.6936155677458258,0.06828314484401903,-0.07268021631435866,0.02878117375075817
1756178970.9199476,0.08715773939534072,0.02117133671792429,0.21447076312350347,0.7123549108306146,-0.6950052771615177,0.06538143231695949,-0.0724114220363855,0.0272525642067194
1756178970.9310746,0.08815277249355408,0.02096768648272883,0.21359582537023628,0.7125571465677685,-0.6949030753528276,0.06480872046239693,-0.07191563454777487,0.028624068945646286
1756178970.9755855,0.091780920321529,0.02003763148907521,0.21007354521939198,0.7122841484873754,-0.6954415351062526,0.06475246002753902,-0.06942248902953058,0.028341302648186684
1756178970.9867125,0.09260131409063796,0.01981404070602192,0.2092924868074946,0.7120995770523736,-0.6956719030355906,0.06531644597188889,-0.0684730426830273,0.026279205456376076
1756178970.9978385,0.09341998773329521,0.019653999423240132,0.2084643490482716,0.7121400912146234,-0.6957223593171524,0.06569864719500527,-0.06716082926639044,0.0263188648968935
1756178971.053464,0.09698357069385621,0.018543691857652547,0.20352531997976556,0.7125179311737226,-0.6960305957968291,0.06413720163123283,-0.06120479423659657,0.027263598516583443
1756178971.0645895,0.09759110487019865,0.018239518294701468,0.2026590885148054,0.7123750077158526,-0.6962652963934688,0.06385437277074245,-0.060490532300592016,0.02903706207871437
1756178971.109092,0.09971311558613999,0.017287541240844057,0.19947249080798374,0.7128998634891174,-0.696033622757682,0.06347444133617353,-0.05728853223006804,0.028622198849916458
1756178971.1202164,0.10020816825652105,0.016864867378998463,0.1987702658311408,0.7126499315676633,-0.696297763899654,0.06354953702519468,-0.05710477535924503,0.028825834393501282
1756178971.1313457,0.10070063154202694,0.01639135189337592,0.19819461159320884,0.7121513220869395,-0.6967938167277393,0.06354973792554826,-0.05727392276951155,0.02903706207871437
1756178971.1758525,0.10245123959648159,0.014568128982068438,0.1962177127832598,0.71043366094874,-0.6984779287158613,0.06305740038936739,-0.05862048058405774,0.0284325759857893
1756178971.186981,0.10284369977579824,0.014071404028118876,0.19574295760763644,0.7100313385425755,-0.6988537289701137,0.06295806639454335,-0.059120602735983685,0.028624068945646286
1756178971.220363,0.10389510958862234,0.012736976244339043,0.1942960783961893,0.7085649312759118,-0.7003213732800324,0.06228061333665856,-0.060056952099998846,0.028624068945646286
1756178971.2314918,0.10392752607074505,0.012513443321508045,0.1938545680007011,0.7083559652357778,-0.7005625721312587,0.06212440356306796,-0.059870422795044766,0.028623245656490326
1756178971.2648735,0.10487810353032853,0.011740078834348494,0.19238905642702758,0.7083977159441197,-0.7005936303568364,0.062105735169821326,-0.059026424655394205,0.026279205456376076
1756178971.2760007,0.1054425945896219,0.01128747916114669,0.19190041793868315,0.7081818134454144,-0.7007935178392842,0.06237447755869555,-0.05896091085528619,0.028367673978209496
1756178971.2871275,0.10580102856028106,0.01096364129504138,0.19148609151791066,0.707833281595556,-0.7011117054074478,0.06279820810853007,-0.058913555865217584,0.028622198849916458
1756178971.3316329,0.10680787840055454,0.009945708985042318,0.189926280914102,0.706762495035923,-0.702115429823208,0.06367168415010069,-0.05887797085717679,0.02910551428794861
1756178971.3427594,0.1070835765551893,0.00963675226135105,0.18947849769118003,0.7063986793408181,-0.7024752770320887,0.06342571486646223,-0.059216295712553206,0.02903706207871437
1756178971.376139,0.10765474951649878,0.009067350323080474,0.18821407539752008,0.7059306968478373,-0.7029697948940197,0.06236760249798636,-0.06004665580396434,0.026224160566926003
1756178971.3872633,0.10776067832691283,0.008971052008619775,0.18780441036052067,0.7059494071033707,-0.7029745832390933,0.062057198906338214,-0.06009221242492016,0.028624068945646286
1756178971.398384,0.10773371210745714,0.008938153890477907,0.18742920999021737,0.705921898052074,-0.7030177107852023,0.061912309898789014,-0.06006028684486389,0.028617294505238533
1756178971.442891,0.10813917489542321,0.008647472971098767,0.18561258476913337,0.7056148522093056,-0.7034609980098931,0.06200073460815537,-0.05836277519630016,0.028159702196717262
1756178971.454015,0.10825377793420152,0.008710158851374487,0.1851268850655329,0.7056138535999628,-0.7035101273967466,0.06232523944242237,-0.05742956369735478,0.028159702196717262
1756178971.4873986,0.1086525398701346,0.008845630155990103,0.1836929354458543,0.7055147506536228,-0.7037504418839613,0.06287565029325086,-0.05505365345266985,0.028617294505238533
1756178971.4985301,0.1087954962802214,0.008933880096965666,0.18323914837235977,0.7053701601876797,-0.703931316818236,0.06298737432929247,-0.05446309754735835,0.028671758249402046
1756178971.5319238,0.10896401735638751,0.009491813332156741,0.18195967412908476,0.7058846168559478,-0.7035547280523969,0.06306337522173455,-0.052542012017927305,0.02647821046411991
1756178971.543053,0.10903446480951573,0.009682601881564385,0.18153423446266834,0.7061917956828985,-0.7033048013919997,0.06292282460608892,-0.05192515953480127,0.028568750247359276
1756178971.5541806,0.10911985200910718,0.009792530739571707,0.1811369922281651,0.7063202142672673,-0.7032225634574295,0.06270734262414643,-0.05155162793569878,0.028159702196717262
1756178971.5875673,0.10920143793366968,0.009932830535744997,0.17993023119061832,0.7061373343344423,-0.7034681382193423,0.06219872569301,-0.05132214036287215,0.028617294505238533
1756178971.5987008,0.10915485208285752,0.009999398588702753,0.17951208210831054,0.7063350035360951,-0.7032912921691934,0.06208318295191015,-0.05116541344707743,0.028617294505238533
1756178971.609836,0.109126971142289,0.01009681405183702,0.17904790983567898,0.7066502330438258,-0.7030075738744264,0.06187775668976068,-0.05096020448685712,0.029009543359279633
1756178971.6209724,0.109117177459204,0.010156781040242433,0.17859985004579082,0.7068912609565166,-0.702797830158015,0.06159888045569563,-0.05084813698747364,0.028166091069579124
1756178971.6321108,0.10907431355076849,0.010163275680657943,0.17817257731804464,0.706953891460514,-0.7027483760568236,0.061365830297415616,-0.05094261644479743,0.0263186227530241
1756178971.64325,0.10900222757621453,0.010126703612802206,0.17777153945980934,0.7069039672611376,-0.7027901558211568,0.06121420322559706,-0.05124060181920164,0.028617294505238533
1756178971.6877706,0.10912539017329859,0.01059542645961057,0.17634467039983978,0.7067458959683773,-0.7029850588308978,0.060587452432838154,-0.05149180711601893,0.028399843722581863
1756178971.6989017,0.10916764620191605,0.01076473327543683,0.17599584175190547,0.7067853285141518,-0.7029588861419909,0.0603168488575194,-0.051625396221757144,0.028624068945646286
1756178971.7768054,0.10899900349020807,0.01186611420712262,0.174227203687399,0.7076126069965631,-0.7023633798408365,0.05832357912761467,-0.050679790802933306,0.028159702196717262
1756178971.7879326,0.10918971432068439,0.012123159749945302,0.17408131445608688,0.7076120504453275,-0.7023872290756981,0.0582047306448567,-0.05049332457347074,0.02793162502348423
1756178971.8213181,0.10930380175679943,0.012192033632887872,0.17388480482684304,0.7069335274076206,-0.703061216570119,0.05828465747434877,-0.05052536278999998,0.029017923399806023
1756178971.8324451,0.1093777815838704,0.012273155604742294,0.17381549378817251,0.70682293970392,-0.7031762303216725,0.05843103606784541,-0.05030243575562674,0.02626572549343109
1756178971.8547044,0.10939046491036261,0.012495996522467799,0.17381280644169916,0.7069053099015403,-0.7030763800074398,0.05917860980983457,-0.04966265044897351,0.028624068945646286
1756178971.865834,0.10938432656806471,0.012606395698654141,0.17384538995658808,0.7069104932305117,-0.7030449161989142,0.059675732421751546,-0.049438925224807265,0.028624068945646286
1756178971.8769643,0.10936011343313545,0.012663501933787551,0.17389322901524637,0.7067623666364033,-0.7031600068784718,0.06016512682264396,-0.049326659603024146,0.02626572549343109
1756178971.9103498,0.10927439764901725,0.01266573462828988,0.17411788726266286,0.7059517163362306,-0.7039320298803272,0.06101781522285736,-0.04887430547764083,0.028636954724788666
1756178971.921483,0.10930460125826412,0.01273786118409785,0.17413897964343394,0.7055519749181458,-0.704335053095811,0.06131808626513174,-0.048462727599747055,0.028401194140315056
1756178971.9326189,0.10931541641277125,0.01277800439079413,0.1741386082110192,0.7051170283219014,-0.7047660897434934,0.06164100096640943,-0.04811571591503343,0.026279205456376076
1756178971.9771357,0.10900659496048556,0.012271286118861002,0.17416939488902888,-0.7036652877562597,0.7061625449330456,-0.06209919230770871,0.048304381326281065,0.028393296524882317
1756178971.988263,0.10896976345232806,0.012104092436528508,0.17410277151546585,-0.7033983077759333,0.7064414356879866,-0.06197470652290805,0.048274779258422114,0.028624068945646286
1756178971.9993868,0.10896104000081447,0.011875593456747251,0.1739868342425783,-0.7031700864866139,0.7066869441167504,-0.06178464455027464,0.04824987236390537,0.02836199849843979
1756178972.0327752,0.10897920918646287,0.011527528826299418,0.17367457621273893,-0.7025805976166737,0.7073164497336429,-0.06107504642613213,0.048515796322829464,0.028335003182291985
1756178972.0439024,0.10904039754331771,0.011327056692264892,0.17347750594313868,-0.7023073434462161,0.7076028156818345,-0.06073996732593701,0.04871659829978319,0.028606800362467766
1756178972.0550294,0.1090750351705429,0.01114420105377401,0.1732816218316495,-0.702109528447662,0.7078109276078134,-0.060414609035317736,0.04894870618390337,0.028617294505238533
1756178972.099547,0.1089058248973076,0.010774900532503804,0.17288316615728883,-0.7018187310949754,0.708040087789633,-0.05979901891758396,0.050534939433840284,0.028606800362467766
1756178972.1106756,0.10885752217860853,0.010576084502973145,0.17285536403321147,-0.7015454884471395,0.7082883720135199,-0.059552912370617384,0.05113668290063019,0.028132736682891846
1756178972.1218066,0.10882682328572885,0.010392472164967873,0.17281377098787243,-0.701256705715181,0.7085700859290158,-0.05915936014061093,0.05164916382471987,0.026431946083903313
1756178972.1551914,0.10882011335132181,0.010175564681948185,0.17229724615324837,-0.7012863036371626,0.7086302890898345,-0.057507501442025766,0.05228308515455265,0.026404619216918945
1756178972.177452,0.10890017365301874,0.010035426607349617,0.171929168536056,-0.701331592351176,0.7086628037861044,-0.05653073494016029,0.05230013486891482,0.028171509504318237
1756178972.210845,0.10902203596068205,0.009993308607005905,0.17136585371602273,-0.7010675493900302,0.7090432816825892,-0.055624621529374405,0.05165091841154174,0.028393296524882317
1756178972.2219784,0.10911130596297168,0.010115993708921722,0.17118829705076452,-0.7012042385604206,0.7089717094955851,-0.055478591756552766,0.05092992064119191,0.028393296524882317
1756178972.2442393,0.10927051960789252,0.01034871640843987,0.17088486676541065,-0.7015396698040584,0.7087304951930915,-0.05537594510230923,0.04976626948641236,0.02625087834894657
1756178972.2553704,0.10936999675902248,0.010406296619957574,0.17085276845842276,-0.7014391712801025,0.7088607463421844,-0.05525374150991232,0.049462666105258075,0.026160741224884987
1756178972.2776258,0.10951489315626287,0.010289890413503148,0.17076130847664744,-0.7009873053354816,0.7093433582452975,-0.05461004622918106,0.049664280148116156,0.027212481945753098
1756178972.2887516,0.10960207250345232,0.01017826388516728,0.17081199539341343,-0.7007972762884782,0.7095528190957042,-0.05409608299483865,0.04991581176946618,0.02816261351108551
1756178972.299868,0.10955797390629635,0.010028064721591224,0.17096902424386048,-0.7006478929877199,0.7096805202046887,-0.05387333770848577,0.05043563004482638,0.02861453779041767
1756178972.3332756,0.10946962481638645,0.009604874313149676,0.1713941710872299,-0.7002044046405336,0.7099842201425419,-0.053965021717507194,0.052191716791185505,0.02836199849843979
1756178972.344416,0.10938370553781185,0.00940269607183506,0.17156686824274514,-0.7000292021829121,0.7101387808126144,-0.05380998440654986,0.05259765826817713,0.02881324477493763
1756178972.355551,0.10931596269981503,0.009271376036175567,0.1717103265013533,-0.6999754597446515,0.710183231386962,-0.05364819189523335,0.052877264664585005,0.02626180090010166
1756178972.4000752,0.10927704365922422,0.008872279794992954,0.17210033621540174,-0.6996952450753532,0.7104294104207896,-0.05291565702593904,0.05400509299708573,0.028605123981833458
1756178972.4112086,0.10925754534319067,0.008758353351251394,0.17211702901543627,-0.699499867246711,0.7106285479906983,-0.05269634922981324,0.054130372992573644,0.02815083973109722
1756178972.4223402,0.10924947660415257,0.008719091723110733,0.17214564254400685,-0.6993944587079379,0.7107452300277817,-0.05255827080846268,0.05409470668199064,0.028408193960785866
1756178972.433473,0.10925519927786886,0.008740653123787495,0.1721742228113226,-0.6993587519243222,0.7107989946886922,-0.05253127130452025,0.05387569759668398,0.0288121085613966
1756178972.4557304,0.10931458166646726,0.008831535424197795,0.17225463250557838,-0.6994343669910658,0.7107594804292676,-0.05242891182422546,0.053513890315057544,0.0261877179145813
1756178972.46686,0.10936127226069842,0.008884312315541744,0.17226456439377208,-0.6995540101789672,0.7106698001547607,-0.05227782989223809,0.05328837107921727,0.02856307290494442
1756178972.4779928,0.10944158056449474,0.008937165733786081,0.1722809159531343,-0.6997618028688435,0.7105023955710621,-0.05208268457781511,0.05298263017910609,0.028629247099161148
1756178972.544752,0.10977811124417952,0.009295947269654159,0.17242441685039359,-0.7002425535632787,0.710104726062765,-0.052797472953680376,0.051225687425446455,0.028833772987127304
1756178972.5558832,0.10975192716802051,0.009331299828531784,0.17233138395260475,-0.700233482873118,0.7101247146826899,-0.05284408708826852,0.05102412684229278,0.02903706207871437
1756178972.5892642,0.10984455254189662,0.009416071094859936,0.17223501500085162,-0.700235994227761,0.71018898259667,-0.05260977928972786,0.050332618740257296,0.028346078470349312
1756178972.600394,0.10988045939378235,0.009389894211141295,0.17218767581658243,-0.7002883332179292,0.7101571180329883,-0.052478935333295784,0.050190431480697156,0.026687998324632645
1756178972.6226456,0.10994387223907347,0.009399527519448277,0.1721473692408601,-0.7004237257973719,0.7100189539469249,-0.052691958138918145,0.050032458701617176,0.02265615575015545
1756178972.6337762,0.1098894570738744,0.009342644605220564,0.1721032358849219,-0.7004583626796891,0.7099701061571204,-0.052850943286633235,0.05007302975703751,0.027108635753393173
1756178972.6560376,0.10975733821372893,0.009279115900584719,0.17199677683408424,-0.7005088327793114,0.7098979818609925,-0.05313414996219599,0.05008984583377915,0.02885678969323635
1756178972.6671693,0.1096296055015103,0.00927869632554428,0.1719478585891287,-0.7006223626229118,0.7097744248283836,-0.05328897676265797,0.05008847979141852,0.02922222577035427
1756178972.7005446,0.10950531813763344,0.00964849245390952,0.17183953345991088,-0.70239279920611,0.7079887476172616,-0.05415623560478971,0.04963256003738906,0.029241587966680527
1756178972.711673,0.10942679162818338,0.00971873603089709,0.171772205992763,-0.7029686210611729,0.7073801350694691,-0.05457000028150322,0.0497049029948706,0.02708851732313633
1756178972.7228005,0.10932707837217065,0.009724407410711573,0.17168539231582447,-0.7032638187522198,0.7070536674873484,-0.054957380562783306,0.04974735016473404,0.02710762992501259
1756178972.7339265,0.10925418238182005,0.009659909310075498,0.17163594710579105,-0.7032499573459081,0.7070247258645684,-0.05540681256173675,0.049855988916663804,0.029870403930544853
1756178972.7450469,0.10917031987183859,0.009545265257739757,0.17156668181818882,-0.7029456470429759,0.7072881607306768,-0.056070170146088054,0.0496690146201519,0.029985591769218445
1756178972.8006768,0.10879454449948023,0.010181205685095441,0.17089586155563027,-0.704450903959951,0.7056739270164187,-0.05969805531221077,0.047003987396538854,0.03123472072184086
1756178972.8118079,0.10872407270621604,0.010527841278441922,0.17092794602385866,-0.7049803532547165,0.7050877277007227,-0.060801485190012945,0.046445421403784895,0.029925215989351273
1756178972.8340547,0.10855283139750535,0.010668940123465339,0.17091236079549532,0.7051044575174406,-0.7048134651737235,0.0633054945093141,-0.04536626129378127,0.031498201191425323
1756178972.8451831,0.1083997091292635,0.010691058326053401,0.17094762107952602,0.7050550731284042,-0.7047927594830812,0.06424368931126385,-0.045135999155907186,0.03127683699131012
1756178972.8674438,0.10826167977347365,0.010694556818775132,0.1709957637990074,0.7049638392656844,-0.7048208009753016,0.06471907081276713,-0.0454429941074799,0.03127683699131012
1756178972.8785748,0.10815168867788771,0.01065878763672162,0.17109191099857382,0.7049466659309896,-0.7048077598246423,0.06471831421447065,-0.04591034403038418,0.03177115321159363
1756178972.8897023,0.10808176380979122,0.010606641617926307,0.17123530749317245,0.7049577504553914,-0.7047671110315782,0.06472355141847518,-0.04635462407201099,0.03213826194405556
1756178972.9230845,0.10792436841098561,0.010600164894418857,0.17165738409703227,0.7054535437383739,-0.7041380417179047,0.06528958618285516,-0.047562440735477995,0.033394914120435715
1756178972.9342198,0.10781230015808528,0.010489707286800909,0.17185406468261538,0.705653169979085,-0.7038437432493793,0.06636692812666312,-0.04746598401171902,0.032524701207876205
1756178972.95647,0.10760129975921448,0.01032433907002887,0.1722295928174964,0.7061823305090134,-0.7031484296754981,0.06837786611136674,-0.04704539666955497,0.03259073197841644
1756178972.9675846,0.10740921345288496,0.010307084390529093,0.17248115125939134,0.706292488383827,-0.7029342103722281,0.06965562210911036,-0.04671735276689357,0.03259073197841644
1756178972.9898648,0.10707507953496201,0.010347924968931142,0.17285449465974498,0.7063588969417121,-0.7027165827302219,0.07129870279922054,-0.04650815032223305,0.030281566083431244
1756178973.000999,0.10694206664961756,0.010336273275803075,0.17306652127559607,0.7063432797567553,-0.7026864057520376,0.07154748909290723,-0.04681819217198991,0.030188830569386482
1756178973.0121298,0.10679465550405323,0.010291370178341554,0.17325510119211768,0.7061340732569364,-0.7028417320028204,0.07185446788109665,-0.04717102698020774,0.03259073197841644
1756178973.045506,0.10660460002460313,0.01015451710073426,0.1737990563701293,0.7055171135451422,-0.7033864350990376,0.07236616944578088,-0.04750013614025475,0.03335052728652954
1756178973.056646,0.10655540358057879,0.01021303005630489,0.17399004331127518,0.7058290021029635,-0.7030455520859868,0.07268811868025189,-0.047421607787697974,0.03319034352898598
1756178973.0789018,0.10648765753768422,0.010539779147645707,0.1743451549698408,0.7070999255105377,-0.701701608454332,0.07362722113789287,-0.046942308668271024,0.03342834487557411
1756178973.090038,0.10646880537178413,0.010671946909468787,0.17450701736901938,0.7078941913261644,-0.700855331436537,0.07421454062210169,-0.04668854510378134,0.031545352190732956
1756178973.112285,0.10625221013802952,0.01104919026109727,0.17474116898774633,0.7089512617087185,-0.6996753118587357,0.07576803117234931,-0.04584508642442091,0.03215322270989418
1756178973.1345367,0.10606746910063822,0.011408666760319652,0.1749196886170243,0.7097159469676144,-0.6988185851003266,0.07676962405172828,-0.045412383346352427,0.032169416546821594
1756178973.1456597,0.10600833332748028,0.01163658724970807,0.17502168267050863,0.7100863648496338,-0.6984004722120825,0.07734530691737687,-0.04507591781017154,0.03209962695837021
1756178973.1567826,0.10595656674789605,0.011842220106253031,0.17510403403976274,0.7102826759084961,-0.6981573014972748,0.07793066891944028,-0.04474051309582821,0.0349169597029686
1756178973.1901615,0.10605825342206404,0.012186960870445171,0.1750615803689191,0.7105416024096435,-0.6979242105822767,0.07823022945854133,-0.04373166732592949,0.03544442355632782
1756178973.2012908,0.10616502065368533,0.012213477881130162,0.17497657517755527,0.7106370324566517,-0.697856509855997,0.07814736717727422,-0.04340839499533476,0.03539406135678291
1756178973.2235374,0.1061829024639336,0.012175177573966462,0.17491010620339828,0.7104814809202311,-0.6979762249742224,0.0788143498033589,-0.042820005899142616,0.046963002532720566
1756178973.312544,0.10657083551156374,0.01081782265246262,0.1759080652215394,0.7067561171992285,-0.7012899234666683,0.08064796205031417,-0.04673478643062243,0.09424223750829697
1756178973.3236628,0.10680675605497347,0.010604888948890993,0.17571074386314725,0.705785894055127,-0.7022330087282672,0.08167742450821913,-0.0454298528608086,0.08682403713464737
1756178973.334788,0.10704709423431927,0.010370544008766414,0.17547851924051283,0.7050661593877797,-0.7030106646373565,0.08206560394732539,-0.04385148733017807,0.08666042238473892
1756178973.3681161,0.10755543797550293,0.010062367640580527,0.1742998352400369,0.7051366491900387,-0.7033788945075722,0.08102095388579462,-0.038419288928684965,0.08692246675491333
1756178973.3792388,0.10751420504306317,0.009972782245651776,0.17380966849176985,0.7055143597728795,-0.703200326559179,0.08018781642369557,-0.03645137828021985,0.08530817925930023
1756178973.3903606,0.1076290985328921,0.009982422298830812,0.17343275062131333,0.7060660782649751,-0.7027467614384014,0.08001784145412995,-0.03485437505362039,0.08597539365291595
1756178973.4126065,0.107476582668789,0.010211489932531263,0.1729714248175106,0.7072836969455757,-0.7014029906178447,0.08198789027263971,-0.03258224418274717,0.0804690420627594
1756178973.423738,0.10765964370265604,0.010275440700500522,0.17295005900194152,0.7076044387495485,-0.7009388758254578,0.08330610655354244,-0.03226055221737386,0.08455967903137207
1756178973.4459746,0.10738831718232716,0.010161164525334002,0.17318879530345788,0.7075953398219286,-0.7007107270356971,0.08494940339237725,-0.03311964587179628,0.08589139580726624
1756178973.4570975,0.10712222884415566,0.010003106476384027,0.1734553597355484,0.707220384270665,-0.700972360006205,0.085523813614271,-0.03409920650478116,0.08495928347110748
1756178973.4682379,0.10666657449585248,0.009780374087844778,0.17368298271124732,0.7067640038655645,-0.7013587241967146,0.08571887874326121,-0.03511205861340115,0.08396787941455841
1756178973.5016413,0.10624420973807161,0.009056042757088835,0.17411802774803173,0.7060838102176484,-0.702040686317052,0.08483048910049588,-0.03726011034579798,0.0834566056728363
1756178973.5127895,0.10657124915751132,0.009068398760747491,0.1738184158622572,0.7059963420438619,-0.7020870617165359,0.08508491924981604,-0.03746303921440021,0.08382567763328552
1756178973.5350342,0.10625999912432359,0.009060255236524973,0.17421216207487464,0.7058770681894149,-0.7020240094930593,0.08653071518739665,-0.03758044742632352,0.08410980552434921
1756178973.5461566,0.10605969043603687,0.009110183799898683,0.1744854696974155,0.705727085770058,-0.702085273479227,0.08736547158210865,-0.03732055129999777,0.0839291363954544
1756178973.557289,0.10589456673686823,0.009157439612345034,0.17474828858196528,0.7055650476105161,-0.7021745225646578,0.08804895439472507,-0.03709831642353192,0.0834566056728363
1756178973.6017957,0.10590757785846369,0.008956864486784613,0.1758336259859123,0.705659776800366,-0.7020643185436453,0.08785169091937826,-0.03784246868943113,0.0839291363954544
1756178973.6129243,0.1060712173136408,0.008819409826910072,0.17610296161644107,0.7057145989170449,-0.7020503927286387,0.0874198553574629,-0.038077812886229356,0.0839291363954544
1756178973.6240602,0.10620215375931397,0.008700815067669171,0.17630598476218043,0.7057019584876731,-0.7020991308414124,0.08711823516619205,-0.03810471571766138,0.0839291363954544
1756178973.657453,0.10626444704363514,0.008740811625115339,0.17701491591976481,0.705847491191932,-0.7019665597680064,0.08747850956108058,-0.0370105189168854,0.0839291363954544
1756178973.6685884,0.10639917127171675,0.008851653654721136,0.1771515925686233,0.7061817210110962,-0.7016460966655275,0.08758819065481503,-0.03644778184816395,0.0834566056728363
1756178973.6908555,0.10654981922777071,0.009060986881750725,0.17747854623851367,0.7067556439588547,-0.7010858605828876,0.0878866992026807,-0.03536953387187641,0.07947622239589691
1756178973.7131293,0.10667938523326992,0.00924143740917472,0.17785428597092331,0.7071116129059244,-0.7006706810618182,0.08843059971465543,-0.03512538438304299,0.0839291363954544
1756178973.7242665,0.1067572122179391,0.00926738408673504,0.1779741626750499,0.7072070644607036,-0.7005332504139374,0.08859932187700861,-0.035517505603464304,0.0839291363954544
1756178973.735402,0.1067746855036206,0.009260898886189329,0.17810653263584,0.70720795841684,-0.7004974143600026,0.08862132962823079,-0.03614603659822799,0.0794304832816124
1756178973.746535,0.10677701117021587,0.00919919353750583,0.17822607721868655,0.7071626668923128,-0.7005336173168888,0.08840301211661611,-0.0368581200195547,0.0839291363954544
1756178973.757668,0.10678204929897529,0.009147888838100079,0.1783277454747667,0.7071054660822323,-0.7006007011585115,0.088064599912854,-0.03748524529758098,0.07945975661277771
1756178973.7687976,0.10669488396793521,0.009230178397150159,0.17816339769931683,0.7069681068236766,-0.7007354409616039,0.08791690755241204,-0.037901913947895556,0.07947622239589691
1756178973.8355634,0.10683339835415256,0.009313463024900576,0.17792625864538422,0.7074116367265285,-0.700405727324125,0.08724642806810806,-0.03726465006965483,0.0839291363954544
1756178973.84669,0.10697587061469269,0.009419930254844722,0.17768309980463998,0.7078830902080501,-0.7000095661189782,0.08681336367976078,-0.036763811364263675,0.08428949862718582
1756178973.8689551,0.10708868996060802,0.00954406122409193,0.17730865007354335,0.7087570130546004,-0.6992743115745031,0.08603053866039827,-0.03574465044908443,0.08337516337633133
1756178973.8800924,0.10728479365048649,0.009608348963974108,0.17719670612998895,0.7090961135320175,-0.699009083876296,0.08557316972506931,-0.03530205454947302,0.08337516337633133
1756178973.8912303,0.10746030507196758,0.009649944125694155,0.17710752839921892,0.7092555786838781,-0.6989096045297419,0.08519649386974114,-0.034977796302512194,0.0839291363954544
1756178973.9246144,0.10745699646773119,0.009528106395343513,0.17682532822596317,0.7092953158769985,-0.6989217756968562,0.08497495396440395,-0.034463945369763285,0.08428949862718582
1756178973.9357393,0.10741265095904354,0.009614448865444967,0.17684156586117,0.7094205607351661,-0.6987640996317982,0.08526476260895703,-0.03436744577653669,0.07947622239589691
1756178973.9468577,0.10730530246339323,0.009696497345586294,0.1768707512959928,0.7094539173325679,-0.6986657264867623,0.08580836892963326,-0.0343258741452371,0.08382567763328552
1756178973.9913652,0.10684023796368422,0.008892597921124592,0.1773389951357194,0.7082379474866034,-0.6994847840032308,0.08849395022646478,-0.03590080028680062,0.07947622239589691
1756178974.0024934,0.10659401034966898,0.008711984778432592,0.17742917949881803,0.7078010628067605,-0.6998305961362595,0.08899391673803562,-0.03653594100076522,0.07947622239589691
1756178974.047016,0.10575934983771673,0.007796569141668431,0.17826017820750412,0.7063518996000491,-0.7009121215469765,0.09090830833472056,-0.039049600198183425,0.0839291363954544
1756178974.0581481,0.10545596566442997,0.007686394694951172,0.1783657922206718,0.7061043587165062,-0.701093704357359,0.09133171754690911,-0.03927810690396502,0.0839291363954544
1756178974.080408,0.10510058590617505,0.007533690586633885,0.1786998746290916,0.7058139119199504,-0.7013168515035952,0.09181407189127218,-0.03938999543139196,0.0839291363954544
1756178974.0915399,0.10495011311505403,0.007553691232330953,0.178874990607111,0.7057741859727427,-0.701334547628325,0.09199467532049371,-0.03936534554861657,0.0839291363954544
1756178974.102671,0.10472539557793761,0.007468110254648165,0.17906032127348143,0.7057698296708668,-0.7012941551633164,0.09226149491585603,-0.039538234862188416,0.0839291363954544
1756178974.1471894,0.1035049658892139,0.006851378033708645,0.18011382977539978,0.7054087464873932,-0.7014171361883571,0.0936876287776735,-0.04043673644627297,0.0839291363954544
1756178974.1583178,0.10311474355654554,0.0066706752424457415,0.18040428206275078,0.7052956605679039,-0.7014778006030524,0.09402230073511994,-0.04057996315502032,0.08337516337633133
1756178974.1694462,0.10276427490752549,0.006561048862173916,0.18075512070674435,0.705273072526697,-0.7014369599431183,0.09443027278475029,-0.04073092162358123,0.07945975661277771
1756178974.2028325,0.10178894167038696,0.006426651863943387,0.18211399621110141,0.7055613076139501,-0.7009065640915251,0.09593289489052773,-0.04135346768323711,0.08396787941455841
1756178974.2139626,0.1014518028685069,0.006416475601949134,0.1826116033554738,0.7055823417993677,-0.7007922693846784,0.0964795829166355,-0.0416586628664982,0.07883618772029877
1756178974.2250917,0.10110099453478835,0.0064174079740492605,0.1831266967616959,0.7055211735855618,-0.7007530708866234,0.09703028146372247,-0.0420729336330276,0.08341671526432037
1756178974.2584786,0.09985117157305345,0.006494666351990764,0.18483838959705703,0.7052544249262407,-0.7007337818796567,0.09837021971917827,-0.043722567708125555,0.07949656248092651
1756178974.2696066,0.0993792214601042,0.0066605381477723045,0.18547538537078676,0.7053660816623221,-0.7005007383427706,0.09896579484629382,-0.04430776311231386,0.08341671526432037
1756178974.2918642,0.09841368396117238,0.007162940816368489,0.18699866998099593,0.706076736471143,-0.6994371257786514,0.10085400715517916,-0.04551723341221916,0.07949656248092651
1756178974.3029923,0.09796783799892209,0.007420190499616251,0.18783078130118824,0.7064058579052261,-0.6988999266121017,0.10196945153419879,-0.04617236676406418,0.08341671526432037
1756178974.314121,0.09745584206974904,0.007697241033599152,0.18866271236044818,0.7066696449945076,-0.6984265776265252,0.10306372700053631,-0.046863596586210754,0.08402159065008163
1756178974.3252487,0.09690098393178412,0.007979098655095572,0.18952358808539174,0.7068921830901352,-0.6980116770168447,0.10400931266422478,-0.04759414999041604,0.08453319221735
1756178974.3363776,0.09631490906963322,0.008299262452547338,0.19040901315324468,0.7071401091841854,-0.6975795619545517,0.10486542212746978,-0.0483618027817586,0.0844738632440567
1756178974.3697646,0.09435822971459062,0.009464538382344815,0.1933504501723535,0.7084195710169487,-0.6956390240521572,0.10781083567889932,-0.05103805762508828,0.08449803292751312
1756178974.3808932,0.09369250683726622,0.009878379207014863,0.19438325797855457,0.7089161384044873,-0.6948759183875038,0.10892356970013808,-0.05216342318686763,0.08449803292751312
1756178974.392021,0.09301841978461936,0.010313246257035408,0.19541402682345493,0.7093081412347013,-0.694202362326917,0.1100305985127129,-0.05346314907331253,0.08485804498195648
1756178974.46993,0.08666404843275946,0.012973271884509738,0.20370759103449185,0.7116541605964741,-0.689727600715092,0.11764498816505203,-0.06311774138207962,0.08485804498195648
1756178974.4810615,0.08548809150274253,0.013306004931524836,0.2048724098921826,0.7121553494331373,-0.6889340606852371,0.11848627586982406,-0.06454162015332607,0.08485804498195648
1756178974.4921925,0.08427990695940607,0.013574854329562597,0.2060703455241616,0.712443563684605,-0.6883542336221122,0.11927501454909666,-0.06607638400523629,0.08449803292751312
1756178974.5367112,0.07953139415348062,0.01396244166697162,0.21098136520940922,0.71225147603955,-0.6874226743916035,0.12231776510266781,-0.07201573405906786,0.08449803292751312
1756178974.547838,0.07821380935246541,0.014090300736928608,0.21223715878781965,0.7120601080497588,-0.6872618214035545,0.12372626413086002,-0.07303015082454041,0.08485804498195648
1756178974.5700958,0.07554933484009904,0.0143712317995762,0.21494471346449565,0.711708530387963,-0.6866976980416126,0.12780042146022397,-0.07472811754584373,0.08485804498195648
1756178974.581224,0.07413108593050387,0.014649842868466375,0.21633496553384102,0.7116425577822203,-0.6862243287079407,0.13027180173180533,-0.07543406601837394,0.08576086163520813
1756178974.603486,0.07117766021291891,0.015263846126336075,0.2192694633264236,0.7119061738202361,-0.6848370072813683,0.13522250809718978,-0.0768293331901043,0.08512989431619644
1756178974.6146157,0.06961189847193874,0.015624070186741154,0.22067315586131608,0.7122018656821719,-0.6840170948215074,0.1373197066057812,-0.0776686210028263,0.0849219486117363
1756178974.6480095,0.06486742345867984,0.016463379996154433,0.22492324453111986,0.713430491804953,-0.6814838053554982,0.14123066787978472,-0.08155154720397681,0.0849219486117363
1756178974.6591437,0.06324940305969137,0.016658411952413965,0.22632639080272773,0.7136751499687275,-0.6809209718158704,0.14173511643020378,-0.0832199929642013,0.08466591686010361
1756178974.6702752,0.061592823516631104,0.01682395224817944,0.22769694314083894,0.7138010817340575,-0.6804767274396039,0.14220394428808225,-0.0849557376360676,0.07754278182983398
1756178974.7147849,0.054741649575711045,0.016976285630408466,0.23317199809067615,0.7133922897827182,-0.6792108144565016,0.14665531573331472,-0.09075422178096042,0.08538265526294708
1756178974.7259145,0.052993089162907125,0.01693830143640211,0.2344797829296718,0.713086259272686,-0.6790942868235664,0.1481668682305429,-0.09157246091938431,0.08576086163520813
1756178974.7370453,0.05123212581057212,0.016853738790049946,0.23572812709195334,0.7127610460015404,-0.6790330574199747,0.14961982902068036,-0.09219384468332814,0.08538265526294708
1756178974.7704332,0.04571132405746126,0.016612957936559522,0.23948107141153174,0.7121863988130814,-0.678301528533634,0.1544867511366078,-0.09397560033245804,0.08538265526294708
1756178974.7815619,0.04381430036481991,0.016583430656937993,0.24072343605375107,0.7120225061438565,-0.6778786196355874,0.1564816463772732,-0.0949632672807244,0.08466591686010361
1756178974.792694,0.04188786227342297,0.016505100207632746,0.2420756136895005,0.7117535010757877,-0.6775197279824421,0.15845771911748824,-0.09625550972821939,0.08466591686010361
1756178974.8706136,0.028034728424341473,0.015561057240771259,0.2512875281380799,0.7083340998820133,-0.6766745638816344,0.16830382992091292,-0.10976410330290315,0.08413080871105194
1756178974.881744,0.025927783030446967,0.015601788774664692,0.2525092984515715,0.7079861440565467,-0.676299194598748,0.16985316423887,-0.11191479708720811,0.08470407128334045
1756178974.9151378,0.019457641526205903,0.0158610744053838,0.2562426148978178,0.7075365058262061,-0.6747438917850799,0.1737513597630187,-0.11799677284769165,0.0855071097612381
1756178974.9262693,0.01723895209308838,0.016053040249233937,0.2574154492890472,0.7075851875376535,-0.6741392838058357,0.1747498735075696,-0.1196741831647377,0.08608012646436691
1756178974.9374008,0.015043881682281698,0.016235097281845537,0.2585182072891219,0.7077303301289398,-0.6734345103548303,0.17575684579409315,-0.12129827383455737,0.08608012646436691
1756178974.9930544,0.003992548847781184,0.01725119521897853,0.2637053264067088,0.7081017606765421,-0.6700637974055433,0.18136592040934266,-0.12927802151686896,0.0855071097612381
1756178975.0264463,-0.003011269431761908,0.018062729778724345,0.26706504239842593,0.7080577846896662,-0.6676258112179883,0.18684713688679178,-0.13423150588849903,0.08444304019212723
1756178975.0487065,-0.00774916912835634,0.018690467337929853,0.26917061061836856,0.7077510676086632,-0.666049879180658,0.19084846206242356,-0.1379958306277257,0.08491283655166626
1756178975.0598388,-0.010122222153620838,0.018944181555703477,0.27031416335672176,0.7074561455666772,-0.665391807277464,0.1926524643364735,-0.1401590985025743,0.08440417796373367
1756178975.0709715,-0.012686903846387085,0.01915692925223857,0.2715163253312747,0.7071013102339629,-0.6647567540129307,0.19440995723107538,-0.1425165379491674,0.08440417796373367
1756178975.1377509,-0.02667941770094366,0.019874923737738085,0.27797080411403297,0.7022471298290063,-0.6619472608524968,0.2079298107032432,-0.15949917340761663,0.08440417796373367
1756178975.1488779,-0.029057092076617774,0.019991270704842242,0.27889818169714864,0.7010129777806531,-0.6617664121402834,0.210398632660439,-0.16241439628523,0.08440417796373367
1756178975.1934083,-0.03806943978670164,0.0197289245385855,0.28253439123166296,0.6964917449320778,-0.6609843648491085,0.21865047847822924,-0.1737552500724265,0.08440417796373367
1756178975.2045448,-0.04034740605090821,0.019655618523898424,0.2833093768727043,0.6956023181134202,-0.6606209153642296,0.22003218246941722,-0.17692727290134974,0.08388876914978027
1756178975.2156787,-0.04262738673014744,0.019542722753838365,0.284054311432336,0.694735100367174,-0.6602464136842207,0.2211975568454767,-0.1802483131142414,0.08440417796373367
1756178975.2824574,-0.055674588017444855,0.01897672600534654,0.2880716680829921,0.6889035195692234,-0.6587394100304571,0.22934880578094421,-0.19716352523911979,0.08440417796373367
1756178975.2935812,-0.05776939601380123,0.01897539019684514,0.2887679289442527,0.6880833597581145,-0.6582834732760094,0.23138071993899503,-0.19916606456967254,0.08444304019212723
1756178975.3047063,-0.06022451422196439,0.019248966310240867,0.2897068377028377,0.6872546838169238,-0.657830704469568,0.23358087157960888,-0.20094710811773875,0.08440417796373367
1756178975.382608,-0.07444397734524924,0.020132172112536068,0.29244501397969414,0.6840378997133306,-0.6540008544617899,0.24736012008031893,-0.20781723969121133,0.08444304019212723
1756178975.3937273,-0.07628802528387574,0.0204288492944487,0.2928700636714111,0.6839611714394428,-0.6533188816455306,0.24893346320761928,-0.2083355124410607,0.08444304019212723
1756178975.4605145,-0.08774703529540118,0.022635626926669004,0.29322739554739347,0.6850442616791772,-0.6490239890076172,0.25486221498689604,-0.21101533736921774,0.08444304019212723
1756178975.4716465,-0.0895499299302808,0.02309871739445078,0.2932822868974688,0.685291671992083,-0.6482872175187401,0.25544806503869977,-0.2117670747970265,0.08444304019212723
1756178975.4827385,-0.09110519729590841,0.023095608083860065,0.2934942051649209,0.6854151646016036,-0.6475475573321015,0.25595334185381285,-0.21301666582981377,0.08444304019212723
1756178975.549527,-0.1022753243870976,0.025979597163373128,0.29318772594679066,0.686863965333125,-0.6434262586961046,0.2582486474714943,-0.21800958425338346,0.08444304019212723
1756178975.560656,-0.10415910783566287,0.026534413134111853,0.2932205824987732,0.6868711227576226,-0.6428713974568718,0.25888130338138365,-0.21887187533597727,0.08444304019212723
1756178975.5717804,-0.10596199122300187,0.02697904530848636,0.2932638160620155,0.6867437736602767,-0.6424955197655202,0.2594614416320098,-0.2196867240556781,0.08444304019212723
1756178975.6608267,-0.11977982244255889,0.029971817337551564,0.2922816514365691,0.68682837337837,-0.6401465069358518,0.2622025872355943,-0.22300008615964817,0.0839882493019104
1756178975.6719556,-0.12126822565432169,0.03046418898382284,0.29218590202015926,0.6872587358659155,-0.6396862931048046,0.2620848642970909,-0.22313314477278648,0.0840165838599205
1756178975.683083,-0.12284846418253173,0.03095024388819516,0.2920592481143393,0.6876794073544512,-0.6392901604670299,0.2618897662511205,-0.22320141971681873,0.08422882109880447
1756178975.7721128,-0.13305437846902216,0.0332778029131107,0.29021055513627864,0.6940983362125265,-0.6370808456561816,0.25456729486089136,-0.21806189064624493,0.08426986634731293
1756178975.7832332,-0.13391574701176923,0.033589635969763554,0.2901142465122721,0.6950412569136996,-0.6367957984556206,0.2543480794962769,-0.21613842026268462,0.0842287614941597
1756178975.8388827,-0.1381291847104552,0.03435934441547308,0.28972817326026584,0.6993403400178084,-0.6361362297763737,0.25481409991644144,-0.20328197281965388,0.08489135652780533
1756178975.850012,-0.13881729651737845,0.034496137530727555,0.2898132008410872,0.6999817945183933,-0.6361099015362951,0.25530996022679703,-0.2005155971970417,0.08426986634731293
1756178975.9056778,-0.14242573254530022,0.034699497392422715,0.290834900757175,0.703029574677238,-0.6357374807082967,0.2571424206345943,-0.18832166169081863,0.08444304019212723
1756178975.916812,-0.14285611008682125,0.03472471495059988,0.2912076825571654,0.7035405983585667,-0.6355385733140101,0.25755979126000994,-0.1865055018420711,0.08489135652780533
1756178975.9724743,-0.14574226897722514,0.03377116957177051,0.29337351612999885,0.7031760954281693,-0.6362410463282532,0.259486017398783,-0.18277777917471819,0.08423866331577301
1756178975.9836054,-0.14621070821491364,0.033594163082520306,0.29375598703317296,0.7029078132956705,-0.6366211797058475,0.2595400409492906,-0.18240900937693366,0.08418922871351242
1756178975.9947374,-0.1466894789617118,0.033419978848357006,0.29406891181185185,0.7027392746804326,-0.6369498021098754,0.25947917405043014,-0.1819973067051175,0.08418922871351242
1756178976.072661,-0.1493602356799447,0.03302572638533538,0.2958685912515109,0.7029927234037773,-0.6364765402379202,0.2614602631425656,-0.17982595854194117,0.08418922871351242
1756178976.0837924,-0.149725468423179,0.03310585917201228,0.29600569644543506,0.7029992602119289,-0.6363251264961711,0.2619456558928768,-0.17962974945694013,0.08418922871351242
1756178976.1394541,-0.1512380912197362,0.03266055309205398,0.29679986197922453,0.7021800241817665,-0.6363731992823554,0.2622640168104581,-0.18218109221781842,0.08426986634731293
1756178976.150587,-0.1516386251197676,0.032644862932311176,0.2969132826676113,0.7017578617961978,-0.6366783322520495,0.26211728685707447,-0.18295117539568667,0.08422882109880447
1756178976.161719,-0.15189212277678096,0.032545055686174676,0.29697893944548565,0.7013751415672695,-0.636943166167577,0.26199952924000675,-0.18366426038271555,0.0842287614941597
1756178976.2396393,-0.15349703284166077,0.03216316364770286,0.2967089862547872,0.7009071080554403,-0.6371989261780826,0.2613416897266172,-0.1854919824835947,0.08418922871351242
1756178976.250769,-0.15370263695933656,0.03224290828332084,0.29662752349933097,0.7009680673264564,-0.6371179323680122,0.26141186929462085,-0.18544094325583405,0.08426986634731293
1756178976.2618985,-0.15393282209535325,0.032333200182048424,0.2965675473984157,0.7009832698244736,-0.6370731669048052,0.26153796225881604,-0.1853594608688152,0.08418922871351242
1756178976.3398252,-0.1555121605048693,0.03238184728025216,0.29627125672400784,0.701373779512368,-0.6368998575896303,0.26133886416196783,-0.1847576544919789,0.08489135652780533
1756178976.3843517,-0.15629864645217684,0.03248065051208803,0.29626695436998396,0.7015296692369409,-0.6368343923712038,0.2612361046709593,-0.1845366562226909,0.08684350550174713
1756178976.395483,-0.15643222443383592,0.03253614079645707,0.29625088012534384,0.7015503314510142,-0.6368766125354446,0.2613146094722049,-0.18420094387037858,0.08418922871351242
1756178976.4066157,-0.15656939765781552,0.0326216026714071,0.2962367212962731,0.7016560033375584,-0.6368236357512161,0.2614264081487028,-0.18382258580336164,0.0837380439043045
1756178976.4845452,-0.15710787422451547,0.03318534420082116,0.2963818030597205,0.7028739124555742,-0.6364045720910495,0.2616875049886579,-0.1802141324752674,0.0842287614941597
1756178976.495677,-0.1571409278199397,0.03329359301411962,0.2964910647462038,0.7029116405479989,-0.636377595535175,0.26188040879779034,-0.1798817193905267,0.0837782546877861
1756178976.5402331,-0.15745763770472285,0.03367653572938113,0.29731504076036425,0.7026783787041586,-0.6361985556678948,0.26281956065921136,-0.18005658111460007,0.08418922871351242
1756178976.5513718,-0.1575016613996244,0.033788459681252214,0.29758983229481195,0.7024731107469361,-0.6362143830660968,0.263070799309388,-0.18043431494055828,0.0842287614941597
1756178976.5625107,-0.15757407692810033,0.03389852098493551,0.2978634796716707,0.7022457650185349,-0.6362711665593455,0.2632872756850396,-0.18080292746825866,0.0842287614941597
1756178976.6404848,-0.15792486155655783,0.03481019911483958,0.2994466416170567,0.7019083814496392,-0.6357428615619345,0.2637426869735238,-0.18329057011143968,0.08426986634731293
1756178976.651623,-0.15794574708061643,0.03500414145051365,0.2995670456541458,0.7020141675421309,-0.6356155544170763,0.2635914886823564,-0.183544279800328,0.08426986634731293
1756178976.7073174,-0.15790056021048515,0.03547318542723398,0.2999100354589256,0.7019451756211876,-0.6356747530051662,0.2634486645334572,-0.1838079975667512,0.08426986634731293
1756178976.7184567,-0.15783679595700742,0.03555321914872216,0.2999078331223799,0.7020018331658,-0.6356782351607222,0.2633123425193334,-0.18377491083329908,0.08426986634731293
1756178976.7295957,-0.1577870048543141,0.03560119459077493,0.2998816697941132,0.7020537570830527,-0.6357023117980414,0.26315834251862147,-0.18371385277939078,0.08423866331577301
1756178976.8187106,-0.15759902928696568,0.03508703998044547,0.29950863733344707,0.7017477843014104,-0.6366151133666141,0.2621662399572576,-0.1831395841645049,0.08426986634731293
1756178976.8298497,-0.1575518825123119,0.03501173211651015,0.2993901736282538,0.7017444174458125,-0.6367077507206541,0.26201168383664536,-0.18305160553507482,0.08426986634731293
1756178976.8409894,-0.15756169974649423,0.03494671947902118,0.29927708949808113,0.7017799176419685,-0.6367005200011951,0.26194506835259396,-0.18303599697981413,0.08423866331577301
1756178976.9189677,-0.15782474916129166,0.03381465788336101,0.29851116853701437,0.7012590866524565,-0.637604945531927,0.26157590128979147,-0.18241073072882588,0.08426986634731293
1756178976.9301074,-0.15780802513015582,0.033601535162905635,0.29837085132260965,0.7011071740615845,-0.6377739534793572,0.2615528261228993,-0.18243693126616098,0.08473342657089233
1756178976.9858062,-0.15790298977448855,0.032433260477650175,0.29772251468370325,0.7004024831269593,-0.638716421402146,0.2612407953478748,-0.18229355859940702,0.08426986634731293
1756178976.9969451,-0.1579112891298248,0.03221093740868709,0.2975634770317576,0.7002663691525329,-0.6389373781065696,0.26112875228619814,-0.18220267237799825,0.08426986634731293
1756178977.0415049,-0.1580791794203344,0.03148009265854343,0.2970038147182772,0.7001414937353067,-0.6394173634532296,0.26058512421049884,-0.1817765581828773,0.08426986634731293
1756178977.0526454,-0.1581357090819139,0.03135589173731075,0.29688130229311327,0.7001533667201014,-0.6394113999012464,0.26060643704129693,-0.18172124179488786,0.0842287614941597
1756178977.063785,-0.1581777931946366,0.03125075619684025,0.29676118917437544,0.7001552135042389,-0.6393926537882471,0.26065750262212684,-0.1817068452515,0.08426986634731293
1756178977.141766,-0.1586241247550672,0.030468349082966,0.29655614116734125,0.6993506649556507,-0.6400795359691359,0.2607880343693732,-0.182198891844553,0.08426986634731293
1756178977.1529057,-0.15867384691125624,0.03042418501116922,0.2965473723323885,0.6993159317270914,-0.6400791224114416,0.2607046164544527,-0.18245286417320344,0.08426986634731293
1756178977.2197478,-0.15894111087975576,0.030534164877453286,0.2965984659399413,0.699866974443398,-0.6396449659218694,0.26050348342162466,-0.18214958352808264,0.08422882109880447
1756178977.2308886,-0.15897872052978798,0.03058914485963634,0.2966561166622658,0.6999168920309067,-0.6394907356222701,0.2607406596647011,-0.18215996184864677,0.08473342657089233
1756178977.2754502,-0.1591286659743546,0.03066375359348667,0.29704966174438396,0.6995966112351077,-0.6396078970102497,0.2611618518764513,-0.1823754554619169,0.08426986634731293
1756178977.2865903,-0.1591482765442732,0.030705313182029424,0.29714572945746615,0.6996007506267049,-0.6395538012726834,0.2611804100832182,-0.18252265171472304,0.08426986634731293
1756178977.2977312,-0.15918337011471945,0.030758690522259893,0.2972422081090595,0.6996575286388237,-0.6394424690467508,0.26119353890771707,-0.18267623444573017,0.08426986634731293
1756178977.3757153,-0.1591591449287403,0.03142052229723645,0.297925363128403,0.7001413670618531,-0.638705707985316,0.2617041144431023,-0.1826692125107216,0.08426986634731293
1756178977.3868554,-0.15911012302062222,0.03155922519954436,0.2979791140988147,0.7002770336413903,-0.6385733985404102,0.2618159413289808,-0.18245137351356178,0.08426986634731293
1756178977.4425588,-0.15893398371905867,0.03214788643695155,0.2983485644615607,0.700712987766138,-0.6379748949936945,0.2619501110090565,-0.18267862895253956,0.08426986634731293
1756178977.453699,-0.15886540865722137,0.03229407642777326,0.29839672692980007,0.7007779892787173,-0.6379104215943633,0.26185844819000076,-0.18278582241329414,0.08426986634731293
1756178977.46484,-0.1587690455570321,0.03246177946774248,0.29841235202259186,0.7008469595709439,-0.6378664179120019,0.2617676619194512,-0.18280498716801757,0.08426986634731293
1756178977.542753,-0.15831397724792412,0.0335091673926185,0.29842872628528044,0.7019485726453458,-0.6367832503919095,0.26226018618823144,-0.18164495071977735,0.08426986634731293
1756178977.553876,-0.1582157819712294,0.03361790755626734,0.2984089453140541,0.7020140672184599,-0.6367593420241926,0.26223687746069013,-0.1815092556096798,0.08423866331577301
1756178977.5649996,-0.1581442530779399,0.033706710186452646,0.2983973907268219,0.702039601282111,-0.6367501478104312,0.26222296768293274,-0.1814628411400097,0.08489135652780533
1756178977.5761225,-0.1580932672943583,0.03377349715719655,0.2983924342406379,0.7019914929179417,-0.6367788592576672,0.2622519426619116,-0.18150632728198995,0.08423866331577301
1756178977.5872452,-0.1580408175766882,0.03382082773602603,0.29840365624294307,0.7018865893767314,-0.6368605735059942,0.26228376541360426,-0.181579326926765,0.08423866331577301
1756178977.6094916,-0.15792414486810796,0.03387657237954317,0.2983965408290178,0.7016213280383472,-0.6371169374379634,0.26236485612498195,-0.18158800164629185,0.08423866331577301
1756178977.6206143,-0.1578590956630816,0.033913452634630366,0.2983769579552573,0.7015758520275703,-0.6371888624096597,0.26238367519180544,-0.18148411629041725,0.08423866331577301
1756178977.7874584,-0.15741216061918867,0.03434675101076183,0.29820756129407977,0.702134884471831,-0.6367333043481116,0.2620995312398124,-0.18133157161822175,0.08423866331577301
1756178977.7985811,-0.15735777934784384,0.03437908068189237,0.29816839079025753,0.7021697158694175,-0.6366534212232832,0.26226037664813573,-0.18124460323256042,0.08426986634731293
1756178977.8097134,-0.15809354936605302,0.03374572325822839,0.29721144424203577,0.7022853556553004,-0.6361257450806443,0.2627288106388274,-0.1819694692469333,0.08423866331577301
1756178977.8875701,-0.15810502929131243,0.03388628343475773,0.29732731246178035,0.7022149013256229,-0.6362466333141648,0.26207821360584593,-0.18275520213062357,0.08423866331577301
1756178977.8986912,-0.15795117925348579,0.0341002014014426,0.2973192317825796,0.7023878478672133,-0.6360551923518166,0.2621622810337733,-0.18263636509174977,0.08423866331577301
1756178977.9098144,-0.15787334700512,0.034285497344940484,0.29734542841847444,0.702574739828879,-0.6358705143098864,0.26223551195239875,-0.18245536510809132,0.08426986634731293
1756178977.9987943,-0.15773339014741095,0.034733246291069844,0.29728793707545836,0.7029120600023734,-0.6355979678500567,0.2619282036177221,-0.18254718655101523,0.08423866331577301
1756178978.009918,-0.15758526822232424,0.034822034647425504,0.29729943584101465,0.7028831616294993,-0.6356632399819697,0.2617898456528337,-0.18262963381228586,0.08423866331577301
1756178978.02104,-0.1574975351588711,0.034942178608146114,0.2972905032354958,0.7029045561566695,-0.6356589649465355,0.2616976777387517,-0.18269425465361297,0.08489135652780533
1756178978.0432851,-0.15744099874250989,0.03510706806003584,0.29727016502641107,0.7030574107934706,-0.6355099639418195,0.261680487898556,-0.18264907640670391,0.08423866331577301
1756178978.0544086,-0.15737926126221846,0.03520192109644313,0.2972672189351423,0.703144279189463,-0.6354604781295112,0.2617255866917089,-0.18242209474025914,0.08423866331577301
1756178978.1545107,-0.15737928418641658,0.0356329907493092,0.297632974894249,0.7032106565128307,-0.6351894545053954,0.26193167157019165,-0.18281391872715017,0.08423866331577301
1756178978.165633,-0.15730867186407574,0.03566886353968134,0.29770120432854363,0.7032203941533615,-0.6352059912199597,0.2617949379029354,-0.1829148338803,0.08551837503910065
1756178978.176755,-0.15726934425466532,0.03574619081816855,0.2977549192678894,0.7032740455988501,-0.6351737660948449,0.26172503620337123,-0.182920499333076,0.08423866331577301
1756178978.2768629,-0.15743563754033862,0.03463947592517749,0.2968428866303561,0.7040474524077699,-0.6337153360511492,0.2621642590474245,-0.18436908333509422,0.08423866331577301
1756178978.2879832,-0.15736612054540206,0.03485886649442377,0.2968764590713392,0.7041098439409846,-0.6335943668726359,0.2621605619128297,-0.18455174263662538,0.08423866331577301
1756178978.2991025,-0.15731651851488213,0.03511289545153723,0.29688688167086463,0.7041735643545715,-0.6335028436555488,0.2621575178485062,-0.18462712200546716,0.08423866331577301
1756178978.365825,-0.15704241581425654,0.03573965027015219,0.29646049145541853,0.7053461943459188,-0.6326391260734723,0.26156961378367954,-0.18394515331418523,0.08607598394155502
1756178978.454801,-0.15651628024315328,0.03611796900582017,0.2959024276149877,0.7050627265061366,-0.6332318979437319,0.26140003939418854,-0.18323191458648447,0.08423866331577301
1756178978.4881687,-0.1563250992659185,0.03639339012246502,0.29589273831785273,0.7048880505442723,-0.6334006605428913,0.2613846518959604,-0.18334258418859448,0.08423866331577301
1756178978.499293,-0.1562190905850049,0.03659787500515677,0.2959830583715507,0.7047103634027319,-0.6335379381281815,0.26151021208105885,-0.18337228155422386,0.07833880931138992
1756178978.510415,-0.15614078584150992,0.03675273068167916,0.29605297382027695,0.7045776627440068,-0.6336535896235396,0.26153388775258124,-0.18344882413473232,0.08423866331577301
1756178978.5215368,-0.1560576499391085,0.03688082975458827,0.2961027839801994,0.70450480951604,-0.6337631308585702,0.2614336048806878,-0.18349315401997823,0.08423866331577301
1756178978.5326598,-0.1559789633292034,0.03699459201635427,0.29613246923734904,0.7044682122715328,-0.6338846220021962,0.2612535513091057,-0.1834704494365887,0.08566692471504211
1756178978.5771503,-0.15583416971810052,0.03717869928985641,0.2960120787597444,0.7046277787392636,-0.6340129554290339,0.2607309789665217,-0.1831573705431273,0.08444304019212723
1756178978.5882726,-0.1557753350148465,0.03729575368351585,0.296064166061465,0.7046788226500262,-0.6339541433614665,0.26077050496936877,-0.18310828698183557,0.08423866331577301
1756178978.6883764,-0.15577603673100346,0.03702084668773722,0.29570719979826937,0.7050344441938827,-0.6334953397010726,0.2606877102720412,-0.18344482764680428,0.08423866331577301
1756178978.6994982,-0.1557399634459618,0.03721889524492978,0.2955962902775433,0.7051756210096158,-0.6333523988164845,0.26076874414133094,-0.18328050776353894,0.08444304019212723
1756178978.8107216,-0.15586955946088138,0.03793672386735499,0.295201721762957,0.7056121390455011,-0.6329176783947552,0.2603866224773919,-0.18364511548593299,0.08423866331577301
1756178978.855211,-0.15590273985815956,0.03856925541315683,0.2951477428165022,0.706105679051791,-0.6322864249194717,0.26100478142083144,-0.18304412295625933,0.08423866331577301
1756178978.866334,-0.155837002209498,0.038781746648067036,0.29515899524396166,0.7061080932007205,-0.6323116116766332,0.2610616060808594,-0.18286668446117618,0.08423866331577301
1756178978.9441895,-0.15575544782326248,0.039133963720893124,0.2951551309630348,0.7060871235782172,-0.6323893948840243,0.26057427436400105,-0.18337304789671577,0.08423866331577301
1756178978.9553115,-0.15565014055548593,0.03926072969517944,0.2951871717081571,0.7061152205493156,-0.6323985874833659,0.26050420867776475,-0.18333270062595608,0.08423866331577301
1756178978.9664335,-0.15556931538089117,0.03937958675803127,0.29520326906072686,0.7061310308608975,-0.63244416654278,0.26044711340994425,-0.18319564562991753,0.08423866331577301
1756178979.0442894,-0.1554290856316345,0.03974964677266474,0.2951232102634005,0.7065347113680979,-0.6321631896041776,0.2606207834938198,-0.1823601122848384,0.08423866331577301
1756178979.0554106,-0.15535051317979648,0.03978124385282923,0.29517158543137395,0.7064646086692794,-0.6322376648244105,0.2605155637269935,-0.18252378730221716,0.08423866331577301
1756178979.0665321,-0.15529835526590074,0.03979113072711036,0.29520837563941593,0.706388405548366,-0.6323116784806001,0.26039448148309635,-0.18273498782945924,0.08423866331577301
1756178979.1443872,-0.15526455351155072,0.040030916562122314,0.2952283383535809,0.7065607275800198,-0.6321788902359923,0.2600081358576039,-0.18307801143074523,0.08423866331577301
1756178979.1555088,-0.15500099604947995,0.03948485671523888,0.294446733742854,0.7067451310849349,-0.6318972724719397,0.2599358465693096,-0.18344075991599507,0.08423866331577301
1756178979.2111185,-0.15504776265170184,0.039766852123091584,0.29429021003526945,0.7069993542299251,-0.6316921679049288,0.2598018598112487,-0.1833573335447933,0.08381016552448273
1756178979.2222395,-0.15506593040396305,0.03991624800701618,0.29433318506213546,0.7070474034679642,-0.6316895827583608,0.2597275798062684,-0.18328618216263912,0.08631285279989243
1756178979.2667258,-0.15496815091988575,0.03996688829348083,0.29419129989111176,0.7071154370559501,-0.6320634679643967,0.25939812741235485,-0.18219808626041092,0.08423866331577301
