1756107510.4981387,-0.2803569988520954,0.09000020067930509,0.2870048032896285,-0.4957773403399146,0.6376491064071776,-0.4978968093706388,0.3157644899638751,0.1745
1756107510.553805,-0.2633540261137448,0.08885004350546592,0.2785305514566291,-0.5118683360816276,0.6459808164833512,-0.4816251985215891,0.29788715883966654,0.1725
1756107510.5871854,-0.2567255051639481,0.08793322389883958,0.27329415390441725,-0.5212941054283016,0.6510866271419605,-0.4707701502419226,0.28760063498506094,0.1945
1756107510.59831,-0.25406845523217797,0.08761467680514878,0.27151361123012335,-0.5243597688804907,0.6531030042804064,-0.4665768313765457,0.2842698700216545,0.1945
1756107510.620561,-0.24942406950367585,0.08679206849069783,0.2677298736548348,-0.5300306404977763,0.6569731483581132,-0.4584754755837157,0.27794611124862206,0.1725
1756107510.6316864,-0.24682714675392373,0.08644679287924721,0.2658540666878671,-0.5325294360146469,0.6589645338413305,-0.45469021582047026,0.27465423818746043,0.1725
1756107510.642807,-0.24344209886852397,0.08612107002445431,0.2638374421516796,-0.534917478248664,0.6608788826691486,-0.4511547717863211,0.2712227236064489,0.1745
1756107510.7095551,-0.2319750783308736,0.08274443943053514,0.25326481079645485,-0.5457253572850842,0.6724064849778328,-0.43021455493787253,0.2548897606720029,0.1718
1756107510.7206755,-0.22986930251565046,0.08223746892917096,0.2513547535455403,-0.5468491709416432,0.6745957438460322,-0.4265530443766077,0.25284198021353965,0.1940
1756107510.7540627,-0.22540375833290513,0.0805484115764062,0.24617046743167878,-0.5506752614925264,0.6812127565566602,-0.4154068285229657,0.2452409091100124,0.1718
1756107510.7651882,-0.22347981633085628,0.08033025108216656,0.2445172851497444,-0.5522670117938848,0.6830598330369806,-0.41234539603775094,0.24166440892737104,0.1732
1756107510.7985692,-0.21853101605491926,0.0793745274700813,0.23938117503745288,-0.5576005137059251,0.6875329274825429,-0.40445722535209006,0.2297705237898485,0.1726
1756107510.809701,-0.21678341177677496,0.07922510575258015,0.23764000620563014,-0.5593993831637346,0.6891173343801895,-0.4015657803354239,0.22568684861191485,0.1730
1756107510.8208342,-0.2150694837768576,0.07901251210847277,0.2358617315929197,-0.56118799102187,0.6906785286254253,-0.39858377729149,0.22172546382565766,0.1785
1756107510.865343,-0.20933651707748627,0.07803303060530058,0.2294876022517095,-0.5694593374878605,0.6952881397015652,-0.3866390807939272,0.20688326887655917,0.1718
1756107510.876473,-0.20800009134023062,0.07796146528148619,0.22792747115782555,-0.5715813969237177,0.696076407340307,-0.38377175457982543,0.2036948262024949,0.1728
1756107510.898727,-0.20667685745018965,0.07785682731793545,0.22558136360015704,-0.5757623253732248,0.6975258802316615,-0.3776557843963178,0.19832170733397997,0.1730
1756107510.9098554,-0.20575459547764674,0.07784247212167919,0.2242684867936291,-0.5776423744340551,0.6980837477772653,-0.3748407772147496,0.19622120192394268,0.1730
1756107510.9543667,-0.2021120923429511,0.0776595538636679,0.21971843881107622,-0.5835467412191906,0.6998535510454617,-0.36561840187678835,0.18974032810813782,0.1731
1756107510.9655323,-0.20310700348272032,0.07797799142893524,0.21855341908628897,-0.58464164960149,0.700028253718298,-0.3639463693458162,0.18893815333954456,0.1781
1756107510.9766698,-0.20286026888573078,0.07792890425274898,0.21764071498164236,-0.5855767128435219,0.7002590075540042,-0.36226610700117634,0.18841577278208163,0.1726
1756107511.0323143,-0.20104912153513205,0.0772927767226525,0.21428572973764026,-0.5881436879338255,0.7023649896049281,-0.35433181120881757,0.18766830122944808,0.1744
1756107511.0545743,-0.20014159719898844,0.07724309314974855,0.21306833674710413,-0.5892068197000017,0.70295784713832,-0.35203340960472773,0.18643515571838376,0.1714
1756107511.0657024,-0.19986544764775974,0.07723949246898591,0.21250210558779717,-0.5899591292296774,0.7030907569482256,-0.35091706899776576,0.1856578143212642,0.1744
1756107511.1102085,-0.19764955842658916,0.07707969016438547,0.21070475369514322,-0.593212182605914,0.7029122782865442,-0.34754610981597756,0.18227818573194027,0.1726
1756107511.1213372,-0.19720172544049766,0.07703517252760184,0.2103081068714601,-0.5939710632528061,0.7027127754392678,-0.3470347135546511,0.18154899845720263,0.1744
1756107511.132464,-0.19672980549458174,0.07694025173360182,0.20996378475100055,-0.5946583296544835,0.7025217385436615,-0.3465648721565786,0.18093498067876496,0.1780
1756107511.1769726,-0.19437706254951342,0.0764067538406261,0.20946035181230405,-0.5957654469464743,0.7020434775306269,-0.3458779650772676,0.1804630742156977,0.1744
1756107511.1881042,-0.1937775932654385,0.0761502769496375,0.20948628748262166,-0.5956912022982066,0.7018464905511724,-0.3460847570605818,0.18107687907581776,0.1744
1756107511.19923,-0.1930649104430155,0.0758955361133021,0.20958269418653858,-0.5954837232373003,0.7016271801551921,-0.34642917714693305,0.18194851098103246,0.1786
1756107511.2548525,-0.18859942971534216,0.07544028975422636,0.2122798390233706,-0.5936624243187769,0.7002884605841683,-0.34892343615069765,0.18818457330344207,0.1737
1756107511.265976,-0.1871567930558749,0.07496262202012798,0.21277501217775263,-0.5932068675426273,0.6997989257824221,-0.34967763858622886,0.19003322037683512,0.1788
1756107511.2771049,-0.18582775910626784,0.07465857608415206,0.21353280817548417,-0.592861438469388,0.6992549987659292,-0.35029471953590313,0.19196710901123507,0.1788
1756107511.3549874,-0.17272230925396592,0.07456983767812364,0.21954834412998386,-0.5954857295107858,0.6929289473965198,-0.35092452278139813,0.20517845676290317,0.1774
1756107511.3661191,-0.17034774587482332,0.07441431132488073,0.2200827713215806,-0.5966476307991928,0.6915712981095615,-0.35096122074014696,0.2063176333456551,0.1776
1756107511.410613,-0.1598999864432194,0.07434824578373583,0.22289160437429992,-0.6014192016489548,0.6873873021073341,-0.34995553265453405,0.20814602074989477,0.1776
1756107511.421737,-0.15723444738060066,0.07431547632686986,0.22349136684076543,-0.6029796311089435,0.6862278753185065,-0.349359120610609,0.2084588027638856,0.1741
1756107511.4328609,-0.15429408875579217,0.07402244527242723,0.2239475228066535,-0.604709423294249,0.6849235422830475,-0.34866971780827116,0.20889155676828963,0.1728
1756107511.4884903,-0.13914153096262777,0.07420352871581798,0.2268189559202214,-0.6145294393060352,0.6776186058714249,-0.34491841795357975,0.2102804749839521,0.1728
1756107511.4996161,-0.13582977520867173,0.0739710321959507,0.2271749022366548,-0.6163933301997877,0.6762076527388174,-0.3441911410174785,0.21055861727262642,0.1725
1756107511.544112,-0.12278411567046843,0.07408943010607724,0.2291492501244069,-0.623423510544159,0.6718687804355933,-0.3395540535327754,0.21127828356517525,0.1776
1756107511.5552344,-0.11948244794664392,0.07407756161717366,0.22960152118630883,-0.6251861012704906,0.6708275656069511,-0.33809110033115836,0.2117241693263252,0.1791
1756107511.5663533,-0.11609995219293329,0.07369341107742096,0.22991785249413593,-0.6270292706331464,0.6696608574568385,-0.3364927711057638,0.2125117520350353,0.1793
1756107511.6219866,-0.09943496277292604,0.0746206459011811,0.23187887677857927,-0.6357134586159576,0.6635770408936159,-0.3302160734553196,0.21561830665590662,0.1725
1756107511.6331146,-0.09611080977211148,0.07455796856101375,0.2321808106840379,-0.6370242848864064,0.6623840011856358,-0.3298281002247494,0.2160113879877702,0.1726
1756107511.6776128,-0.08269406985491409,0.07557821114987211,0.23336842789121715,-0.6423914164880432,0.6588669419138866,-0.32605893569781563,0.2165945320804206,0.1729
1756107511.6887357,-0.07929949756971871,0.0756905906265894,0.23358943445486324,-0.6439733005623615,0.6580191496104631,-0.3244957570014115,0.21682179456139167,0.1730
1756107511.6998632,-0.07596954142301152,0.07569097857591264,0.23369122335196402,-0.6454306645981854,0.6572018480759563,-0.3230327657639586,0.2171516067745755,0.1732
1756107511.7666194,-0.05623297787630425,0.07704608574038178,0.23420349434638227,0.6533498073836448,-0.6532123797552098,0.31393433818052763,-0.21884434522610785,0.1732
1756107511.7999964,-0.046633123861256245,0.07764862941933089,0.23429490548164225,0.6561787147313436,-0.652118282476626,0.31014938053857144,-0.21904018294549985,0.1732
1756107511.811123,-0.04335301386574449,0.07811490888213442,0.23431860683904274,0.6570671613313839,-0.651974579103974,0.30862214116218084,-0.21896179503873234,0.1730
1756107511.8556478,-0.03075288818760733,0.07843486081233852,0.23382192394848725,0.6609097260125147,-0.6513631330409818,0.3022266068848568,-0.21813638180726597,0.1730
1756107511.8890433,-0.021280157773748892,0.07884609109422154,0.23337586860668152,0.663438770993104,-0.6511549115384581,0.2986852197097043,-0.2159477201765932,0.1730
1756107511.9001732,-0.018079903222334714,0.07878969311065888,0.23313471457794344,0.6644625796829023,-0.6510730959441996,0.2971271894906414,-0.21519464957142886,0.1730
1756107511.9113069,-0.014968086964076407,0.0789832842985454,0.2328759417572992,0.665585040440753,-0.6509535330216935,0.29544249668218175,-0.21440565044386145,0.1080
1756107511.9780972,0.00251149462940424,0.0793830222581562,0.23085960260231786,0.6726079933206396,-0.6501586769989195,0.28452786354313125,-0.20960934356983765,0.1735
1756107511.9892337,0.005375458849040622,0.07926311293313577,0.23046098589494698,0.673525582269654,-0.6502283156212145,0.282935742963807,-0.20859959958312527,0.1730
1756107512.033769,0.015596794547143522,0.07772746404775985,0.22833364666333747,0.6752218298936201,-0.6520968695390478,0.27768535867994076,-0.20429389307387052,0.1781
1756107512.044903,0.01810786595206299,0.07736565405393926,0.22775580936494483,0.6755637009378845,-0.6528372356583589,0.27605577404878234,-0.20300354511039603,0.1766
1756107512.067179,0.02297917953985685,0.07678542022092907,0.22662042844186242,0.6763201574793217,-0.6540308982902024,0.27315174209122206,-0.2005561129992973,0.1730
1756107512.078479,0.02531226555866109,0.07645810116386144,0.22604841354899388,0.674851346946184,-0.6560149590884639,0.2746523868511088,-0.19694186800696042,0.1718
1756107512.0896564,0.02825320463393969,0.07586097516603202,0.22510895143605886,0.6751931959525023,-0.6569180258656182,0.2744471484707992,-0.19300678259717202,0.1766
1756107512.1675527,0.04350219580152446,0.07361278173200829,0.22147047417971868,0.6780741760687007,-0.6591334194953364,0.26354240675233587,-0.190535946467652,0.1736
1756107512.1786814,0.04510189461211265,0.07318801185750816,0.22095500336605886,0.6784472786646192,-0.6595579065613544,0.2616524805010995,-0.19034347220905184,0.1719
1756107512.1898224,0.04708163454260685,0.07272431498144355,0.22040786048731417,0.6790160364123013,-0.6597589420266785,0.25970701164518945,-0.19028302292398885,0.1752
1756107512.2454772,0.05630473339587369,0.07225484501175487,0.21822841635912593,0.6822295470696759,-0.6588442870134466,0.2542222451162151,-0.18936235281311675,0.1719
1756107512.256608,0.057811784507854395,0.07206444394679273,0.2177643473527042,0.6825906977354317,-0.6588229758791458,0.253474030772473,-0.18913789028843056,0.1783
1756107512.3011394,0.06435810909824524,0.07176662912961958,0.21596135135401534,0.6840357532984639,-0.6595959979652349,0.24875537856739852,-0.18748058382520302,0.1726
1756107512.3122787,0.06582657787480027,0.07142560589679546,0.2154848024969869,0.6844593663418603,-0.6596696324546234,0.2476273216205592,-0.18716853750325962,0.1544
1756107512.323415,0.06718756193502726,0.07118812557793759,0.2149494476628735,0.6848667897064267,-0.6596140435524782,0.2467991878382888,-0.18696779077670958,0.1774
1756107512.3790727,0.07366343400229322,0.07007663565036835,0.2132647559188769,0.6848486656554318,-0.6602261812740706,0.2442163671244383,-0.1882606191925813,0.1725
1756107512.3902047,0.07482924948180775,0.06956422042114603,0.2129199246542977,0.6846249515081436,-0.6607793926067979,0.24295544901621458,-0.1887641911804054,0.1766
1756107512.4235961,0.078522889791581,0.06809379484801484,0.2117805199689218,0.6840646869951267,-0.6628112335495902,0.23828929135860244,-0.18961800101927395,0.1658
1756107512.4347255,0.07973025546864976,0.06756209767465977,0.21143050079763673,0.6840236237533659,-0.6632277021562789,0.23697212911893825,-0.1899602781126971,0.1589
1756107512.445855,0.08074861267532424,0.06702610864052573,0.21108824620212743,0.6842859647393643,-0.6632411825801241,0.23569891719101835,-0.19055149599364798,0.1535
1756107512.4903772,0.08466620313417852,0.0652178825487787,0.2100222787999201,0.683777976036034,-0.6639778973404713,0.23596037923224197,-0.18948279806876342,0.1513
1756107512.5015066,0.0855851346951461,0.06453769626293607,0.20976488963062603,0.683497992950431,-0.6644291536437842,0.23597535719505874,-0.18889156735439896,0.1389
1756107512.5126374,0.08640273788195989,0.06388963685801664,0.20949514743470826,0.6832709956562197,-0.6650138267231046,0.23539731906084102,-0.18837584489795725,0.1402
1756107512.5905466,0.09183590860614171,0.05965932524055013,0.206740790196875,0.6834868514003624,-0.6683874186748002,0.225083447158207,-0.18825892896602503,0.1386
1756107512.6016767,0.09235844165223131,0.05889119652898427,0.20623963834484454,0.6833355923270661,-0.6692138513387673,0.22304213115923052,-0.18830161221641298,0.1364
1756107512.612807,0.0929677808226062,0.0580325207072375,0.20572228347962826,0.6831136368374389,-0.6701622602215112,0.22100384783440058,-0.18813719298403578,0.1319
1756107512.7018492,0.09692857664638983,0.053698207051931644,0.20248759443909917,0.6834094912656064,-0.6726860960407777,0.2126998207388821,-0.18762640991915291,0.1347
1756107512.7129776,0.09725841234524124,0.05320659111779234,0.20215727006066342,0.6837134237623959,-0.6727609612665003,0.2116679374875872,-0.1874175215998442,0.1273
1756107512.7574987,0.09868571460192126,0.05182585117725016,0.2010222772874299,0.6843146810953666,-0.6730738738775379,0.20954664248047483,-0.1864810504206546,0.1225
1756107512.7686293,0.0989692031610641,0.05146314913272972,0.20073596179170267,0.6845730646015254,-0.6731975649999863,0.2084654922294658,-0.18629786968640188,0.1202
1756107512.8020205,0.09995087897425445,0.05066988097779534,0.1997129240329631,0.6857627738918101,-0.6734391567216736,0.20411275858383351,-0.1858685070729013,0.1208
1756107512.8131504,0.10016125854713273,0.05047154284173573,0.19939551070256128,0.6862489406621095,-0.673365213555681,0.20283412728555392,-0.1857417492691188,0.0994
1756107512.8465266,0.10114709349731574,0.04990815589791089,0.19835775238941042,0.6876560424300441,-0.6731431478953743,0.19898964141921177,-0.18550092279772862,0.1218
1756107512.8576517,0.10132619505350482,0.04971539858915911,0.1980370969912096,0.687993778101662,-0.6732050831496597,0.1979141578522602,-0.1851741435419413,0.0953
1756107512.8687768,0.10156417798852936,0.04958172810508923,0.19774873553565345,0.6882697263695966,-0.6732212028099521,0.19716523802791844,-0.18488879025953966,0.1238
1756107512.9021482,0.10220708336807056,0.049394022387951764,0.19714301302555065,0.6885286787400491,-0.6730935402273305,0.19726969616992487,-0.18427699701738845,0.0865
1756107512.9132726,0.10234622160054277,0.04931766325536237,0.1970326057414612,0.6885606407675022,-0.6730459830786991,0.19728827753259787,-0.18431137836741074,0.1026
1756107512.9243972,0.10249248672362948,0.04926066945726297,0.19691359676371414,0.6886424462257591,-0.6730449684048492,0.19704034470446852,-0.18427467085810334,0.0831
1756107513.0022738,0.10363035624103023,0.04985177347043696,0.19573140774652661,0.6921852124933925,-0.6710591616146083,0.19096203127019548,-0.1846421832402799,0.0840
1756107513.0133986,0.10371233191487703,0.04997686251719361,0.1955293185266077,0.6928785525636135,-0.6706412631747464,0.19024739035191102,-0.18429741720659087,0.1025
1756107513.0690207,0.10425557122401864,0.05048911642038046,0.1949244770786133,0.6939912191674942,-0.6696792909728654,0.1903515297622304,-0.1834996732358779,0.0999
1756107513.080146,0.10428147664718578,0.050388453089955695,0.1949810037283496,0.6936909186158914,-0.669867617624674,0.19055606260226643,-0.1837353294638936,0.0779
1756107513.113521,0.10455153166973938,0.0501547800514132,0.1950764349894492,0.693094776101322,-0.6705989348254324,0.1894131825663966,-0.18449755072120272,0.0943
1756107513.124644,0.10454872112256158,0.05011340379926624,0.19513405694749314,0.6933494811992342,-0.6704491069737331,0.18885874112141943,-0.18465337197275639,0.0954
1756107513.1357696,0.10455485299379338,0.050129524866672506,0.1951943308736435,0.6937768559464763,-0.6701469045075378,0.18829272515831227,-0.18472317175829153,0.0982
1756107513.2025213,0.10508129418674407,0.04990545918468976,0.1955652038800034,0.6953328259285134,-0.6696780711345746,0.18493313852996468,-0.18396542202598848,0.0787
1756107513.2136471,0.10513514476836602,0.04972024925268588,0.19564807689855085,0.6952575334486606,-0.66993242715761,0.1842996654443517,-0.18395961117239307,0.0950
1756107513.224771,0.10522816356465003,0.049557096047812055,0.19572401650629656,0.6950728059996305,-0.6703245048886953,0.183492733763156,-0.18403605397217399,0.0944
1756107513.2915187,0.10616313868230884,0.04900030940006959,0.19622279173363638,0.693861055113299,-0.6724652081317996,0.17935062468448507,-0.18488032203184834,0.0930
1756107513.3026419,0.10622811291880375,0.04907053589963144,0.19629620984240315,0.6939551419844556,-0.6723880209837493,0.1793344759313245,-0.1848235804580364,0.0780
1756107513.3137674,0.10629785410568873,0.04925925107085624,0.19634879048868528,0.6941060145621929,-0.6722514871228058,0.1794502808212737,-0.18464120700139236,0.0982
1756107513.324891,0.10636579193295198,0.04950464653715609,0.19637751900093173,0.6944262361108802,-0.6720434845043753,0.17932546219085746,-0.18431531717719216,0.0932
1756107513.336015,0.10649074726898383,0.04986511053753338,0.19635980901271052,0.695066080227537,-0.6716602906986344,0.17871675686439253,-0.18389105152678478,0.0971
1756107513.3916397,0.1073147782655942,0.05247139830997494,0.19680983119255316,0.699386210193047,-0.6682621550505242,0.17786820232911144,-0.1806862576934014,0.0953
1756107513.4027653,0.10745576605929644,0.05298750485083307,0.19711333541658874,0.6998517345177749,-0.6677141506896634,0.17877875124872797,-0.18000977963207673,0.0919
1756107513.4917681,0.10899358660404225,0.05676013664792244,0.20083746995045804,0.7038634391903391,-0.6635352443671374,0.17933743996713947,-0.17926327309246473,0.0936
1756107513.5028973,0.10915937933731396,0.056964985801391116,0.20169103598250712,0.7036233381341856,-0.6634297993628046,0.18027469112848546,-0.17965560132894148,0.0941
1756107513.5140264,0.1093537275185445,0.05715508028268215,0.20257822608595066,0.703172261807298,-0.6635375205420625,0.18132681919387086,-0.17996475682403468,0.0977
1756107513.5807793,0.11127415927356185,0.057918501305151575,0.20806427595377333,0.7025692778992938,-0.6631622836867007,0.1849994953622704,-0.17996494648461478,0.0767
1756107513.5919037,0.11151499687285012,0.05786500072501147,0.20918747992824974,0.7025022684916284,-0.6629242812052359,0.18615966070448822,-0.1799070339898558,0.0977
1756107513.6252787,0.112529595550182,0.057809083706474695,0.21268383440185495,0.7020754400251862,-0.6627013777332951,0.18838988864522657,-0.1800727917262156,0.0774
1756107513.6364033,0.11291209033477115,0.05770660231526734,0.21396861519565652,0.7019259784907307,-0.6626604735907449,0.18890360435980752,-0.18026770570513556,0.0938
1756107513.6475294,0.11330690270951047,0.05759667169562241,0.21531169394682828,0.7016728164174181,-0.6626564722902258,0.1896572448727978,-0.18047655775745766,0.0763
1756107513.7031543,0.11547012518472441,0.05690619486076776,0.22257560249719033,0.6996359451724952,-0.663027593081259,0.19273972239155432,-0.18372630309209506,0.0774
1756107513.7142808,0.11596781191998519,0.0566516574914145,0.22420161131450272,0.6993119091661767,-0.6629999397175084,0.1928049257250488,-0.18498701102806017,0.0828
1756107513.7476563,0.11778709530150366,0.05621100384697773,0.22919545586663045,0.6988558576922236,-0.6624957108070229,0.1926144295343481,-0.1886785755371332,0.0763
1756107513.7587798,0.11856086612404063,0.05602376589414629,0.23091304639147758,0.6988749383233734,-0.6620829261036427,0.19282333627928247,-0.18983988129912593,0.0971
1756107513.7699034,0.11927554536644469,0.055926245751575586,0.2327272849871783,0.6988610692139068,-0.6616644382139887,0.1932926029031008,-0.19086997355033616,0.0928
1756107513.8255284,0.1236585589163262,0.05618968317192372,0.2417354709894636,0.700287180532358,-0.6588580601524395,0.19556897875606938,-0.19301993654157387,0.0765
1756107513.8366525,0.1247295414344464,0.056167511465261416,0.24361404077945434,0.7007052754435645,-0.6581142863299402,0.19647207783289208,-0.19312282549201162,0.0769
1756107513.8922882,0.13050537163735104,0.05650586406170641,0.2531640077420002,0.7022091468077719,-0.6546538810898046,0.20168298968916415,-0.19404788528504324,0.0769
1756107513.9034157,0.13195447996181198,0.05638669743665164,0.25513518319811335,0.7025142203736339,-0.653879963572005,0.20267310847677986,-0.1945208845143837,0.0745
1756107513.914545,0.133405599703027,0.056237432426483214,0.25714133637002357,0.7026864766689033,-0.6531822569374579,0.2036714019441768,-0.19519891075214824,0.0968
1756107513.9701858,0.14101186151489212,0.055386432261389125,0.2675232248660772,0.7019373093157939,-0.6505765626729233,0.20758937400229857,-0.20233833470828255,0.0769
1756107513.9813187,0.14269109640682487,0.05496947378295147,0.26961749132306634,0.7018802847809298,-0.649886446836435,0.20806945634925367,-0.20425174023415457,0.0769
1756107513.9924488,0.1444171690161124,0.05466622837280949,0.27163085882672106,0.7017453542904697,-0.6492690730642104,0.20864556353963937,-0.20608288941421182,0.0769
1756107514.0592072,0.15601183544457958,0.053280400048706086,0.2829454386280631,0.7025598483763479,-0.6450067666374619,0.21157450857312318,-0.21357003011502168,0.0938
1756107514.0703301,0.15813368550644505,0.05311867673964521,0.28476276411566503,0.7029576051988358,-0.644021719938746,0.21264467155473488,-0.2141701968053356,0.1013
1756107514.1259658,0.16958129807767056,0.05272884624910449,0.2928617386013269,0.7048073167976254,-0.6394315551254299,0.21763323355927516,-0.21681722290662198,0.0962
1756107514.137093,0.1721173338146252,0.052627171739875356,0.2943903826854705,0.7052955515338222,-0.6384724472975404,0.21800946345812988,-0.21767634890173376,0.0786
1756107514.148219,0.1746997746147425,0.052547613787019484,0.29587944554797574,0.7056613401926768,-0.6376047514249648,0.21837984993601314,-0.21866068475999192,0.0932
1756107514.214982,0.19102472439812254,0.05316832558647527,0.30378972218600725,0.7083600789828964,-0.631911772065282,0.2215606137858597,-0.22321381061102122,0.0950
1756107514.2261086,0.19403456838946362,0.05352004591401684,0.3050121991612269,0.7091982406475664,-0.6306891390197447,0.2220665691240292,-0.22350728011054183,0.0956
1756107514.2372384,0.19702553783861454,0.05396870677439471,0.30605726506665804,0.7102137418090407,-0.6293526968129264,0.22224161242608378,-0.22387561203970496,0.0969
1756107514.3040037,0.21503330397197945,0.05667266979081063,0.31110772373906115,0.7155070998731332,-0.6221981517891235,0.22170598810214368,-0.22752033926879842,0.0973
1756107514.3151314,0.21811217971292426,0.057258706915409296,0.3116769147398313,0.7165685437200583,-0.6209831629895441,0.22113552448741686,-0.22805375077838913,0.0956
1756107514.3707685,0.23337681413634231,0.059983695065316124,0.3138227962453825,0.7215478951243222,-0.6151530556162488,0.22018109533983787,-0.22907561734632906,0.0779
1756107514.381896,0.23641199683418906,0.06054769157413182,0.31403630929968185,0.7226144191616881,-0.614113704571054,0.21970440600379842,-0.22896011237800892,0.0776
1756107514.393022,0.2393989453785653,0.06110967569955729,0.31446677803517714,0.7235368125278778,-0.613278593780556,0.21918794074589065,-0.2287804492501888,0.0945
1756107514.4597912,0.2574221439513222,0.06369439134476222,0.3153951490514244,0.7282456698875296,-0.6084906548949467,0.21733815134056952,-0.2283889120939241,0.0948
1756107514.4709215,0.2604532998576904,0.06419951273323737,0.31549328585881276,0.7292448840708303,-0.6077155551482387,0.21657491761377734,-0.22798905269327083,0.0934
1756107514.5376837,0.2764728835558789,0.0667271340555903,0.3158270908401605,0.7351783640575589,-0.6018546625018802,0.21357085144569912,-0.22731306530676632,0.0943
1756107514.5488124,0.27889489390427347,0.0672864787483902,0.3160110287401709,0.7360534172450659,-0.6009704587491602,0.21318260622531687,-0.22718505909426814,0.0954
1756107514.604452,0.29058440784072076,0.06918686471344505,0.31588039443039384,0.7403021736989898,-0.5974948077199735,0.21097923713443847,-0.22458942063773404,0.0759
1756107514.6155832,0.2927473238882825,0.06978198937367291,0.3158664961162512,0.7412462491962293,-0.5967314857571324,0.21084975831400157,-0.22362448742821986,0.0954
1756107514.6712174,0.30329039541700364,0.0720697497739754,0.3152328874564109,0.7456638864435461,-0.5929865025417644,0.20906509085026623,-0.22055422019304594,0.0945
1756107514.6823459,0.3052604828083034,0.07257568455301527,0.3149991964192789,0.7465053495215908,-0.5924161038059236,0.20821309512488886,-0.22004597270927428,0.0772
1756107514.6934733,0.3072385014850285,0.07288924743118087,0.3147163522185143,0.7473246460593231,-0.591904034542222,0.20728230093523034,-0.21952114933177633,0.0764
1756107514.7713735,0.3207545137858932,0.07537331306283196,0.3120407147420257,0.7528444607059883,-0.588322918046207,0.20505832379381203,-0.2122556145989495,0.0948
1756107514.7825036,0.32258797723734456,0.075730499897284,0.3114563325433828,0.7539447101524277,-0.5876526308417467,0.20443585222582647,-0.21080261341512327,0.0959
1756107514.8492727,0.3332453593760223,0.07561601654321107,0.308166558506925,0.7567032224429538,-0.586726466034616,0.2012682709063361,-0.20650271263437103,0.0959
1756107514.8715343,0.3366407077276368,0.07504777273102244,0.30696316240388477,0.7571473725753803,-0.5869710682639249,0.1997763370803574,-0.20562644860537888,0.0944
1756107514.8937943,0.3396482818493452,0.07427067113848855,0.30582986822112335,0.7571302633020927,-0.5873951081205508,0.19951837509125153,-0.20472706061753781,0.0937
1756107514.9383101,0.3451581401388796,0.07257848501933482,0.30334275455151544,0.7562953194095341,-0.589617407188556,0.19778225499022847,-0.20310313289177861,0.0948
1756107514.949439,0.3463551081713544,0.07211614445210958,0.30267665145630496,0.756226940351689,-0.590003042799051,0.1970316350020051,-0.20296738403650166,0.0922
1756107514.9605672,0.3473351798007347,0.07185685963856778,0.3020407465234409,0.7560950934620041,-0.5904614542270826,0.1962636932239464,-0.20286952318379053,0.0943
1756107514.9939566,0.3505545089718375,0.07066881988419477,0.2999175482035086,0.7554533426752071,-0.592356057122179,0.19349217445021114,-0.20239893047654908,0.0946
1756107515.0050867,0.3514943728471122,0.07022599872688201,0.29909115448888896,0.7552341303080684,-0.593098667850668,0.192464878735686,-0.2020214074419739,0.0948
1756107515.1052516,0.3577978097801594,0.06839606042118124,0.29164659451463976,0.7549274869769841,-0.5966149019525306,0.18642011498122119,-0.1984507216040695,0.0943
1756107515.1163797,0.358290619856165,0.0682399423073185,0.2908419188086345,0.7551097893081605,-0.5967242375426851,0.18568334605752662,-0.1981188668879552,0.1001
1756107515.1275098,0.35873583695558703,0.06813963933746027,0.29011086521095336,0.7553088770126719,-0.5967290035130542,0.18513539863350528,-0.19785823421072674,0.0946
1756107515.1942873,0.36082977029193325,0.06779734215237533,0.2858843811083084,0.7555614434940864,-0.5985063868934011,0.18049631320889745,-0.195801151352423,0.0990
1756107515.2054162,0.3610402711744789,0.0677427236242174,0.285281530557329,0.7556274405891625,-0.598604686000561,0.17989368927248353,-0.19580056559360698,0.0990
1756107515.261068,0.3621028668942872,0.06774736007757834,0.28203803411104555,0.756125154275251,-0.5996680166210238,0.17615088375194637,-0.19402032642855616,0.0944
1756107515.2721987,0.3622366456859324,0.06775452115154304,0.2814485702976026,0.7562603026431055,-0.5996978884075281,0.17606169092148974,-0.19348146752486775,0.0957
1756107515.2833292,0.36238102213044154,0.06776724968202684,0.28087748879012026,0.7563669199248089,-0.5998006774316664,0.17596367340534796,-0.19283416563894443,0.0946
1756107515.350111,0.3635169162793754,0.06749946614881583,0.27716713301667945,0.7563978228539201,-0.6015436263485602,0.17569813304060095,-0.18745070079175713,0.0933
1756107515.361241,0.36366610170766883,0.06733362027132771,0.27666441289616733,0.7562610878748173,-0.6017834572985633,0.17599710162248589,-0.18695148490630042,0.0946
1756107515.3723698,0.363844616936866,0.06712154447053127,0.27615661651974,0.756068095319712,-0.602154592641195,0.1758377449524395,-0.18668682130986225,0.0933
1756107515.3834977,0.36402660605414244,0.06688255148143912,0.2756753453317484,0.7558236442239222,-0.6025914205548272,0.17529870992204263,-0.18677409083021312,0.0946
1756107515.4280167,0.3648285651865866,0.06566103401895455,0.27384356773614393,0.7538099493091623,-0.6049732875867624,0.17271908386287002,-0.18959430291692103,0.0943
1756107515.4391477,0.3650187859228787,0.06524847349144546,0.273366868436673,0.7531952458566199,-0.6057164435288186,0.1721285134944872,-0.19020064800090314,0.0957
1756107515.5393171,0.3671522540365603,0.06353263971617276,0.26736786160529286,0.7510910492625484,-0.6092308041754813,0.1689020300906679,-0.19018981884588754,0.0946
1756107515.550446,0.3672319441006103,0.06332368233505634,0.2665830160528439,0.750917308603141,-0.6096134290814269,0.1683637350883293,-0.1901271033569546,0.0984
1756107515.6061018,0.36847153094776863,0.06274359261480147,0.26153060045728904,0.7501928372108332,-0.6119256020341755,0.1647432744361272,-0.18872577487120026,0.0957
1756107515.6172323,0.3686955311807518,0.06267620469512943,0.26041268051650646,0.7501522445466811,-0.6123244747634946,0.16408972016565837,-0.1881619285167503,0.0959
1756107515.6840112,0.3700011514334195,0.06244062751075267,0.25365618808027224,0.7498435202181161,-0.6144189049750892,0.16084228651863688,-0.18534795187315328,0.0972
1756107515.69514,0.37017864955047947,0.06237043187869255,0.2526260969198048,0.7497688045592704,-0.6147171483716485,0.1601939565189871,-0.1852227402409972,0.1040
1756107515.72853,0.3705788545051049,0.06234294162217474,0.24959262672960153,0.7497364739488169,-0.615306982058149,0.15809150498110935,-0.18520154835771566,0.0933
1756107515.7396603,0.37069100924429876,0.06227787271641498,0.2486510210234259,0.7496939605702344,-0.6154888127047841,0.15759902892857688,-0.18518918165092885,0.0946
1756107515.75079,0.3708183998131207,0.06223141436502473,0.24775143198583002,0.7495629546930094,-0.615705830536851,0.15738281242796828,-0.18518195794157444,0.0985
1756107515.8175704,0.37155343543289293,0.062047693426981576,0.24247256175643217,0.7490429029685837,-0.6172018788007633,0.15551008654885862,-0.18388361345908744,0.0990
1756107515.8286972,0.3716489746246607,0.06203368312644002,0.24168271492710264,0.7491771710623717,-0.6170549511705523,0.1554999611161042,-0.18383828678428069,0.0982
1756107515.8398244,0.3718178990824348,0.061999468575007065,0.2409224412622974,0.7491715040929245,-0.6170768825125038,0.15548933805306997,-0.183796747184527,0.0985
1756107515.8954597,0.37260605730651075,0.06209877933443348,0.2374701010604811,0.7492229739817967,-0.6175749372556921,0.15419279342553527,-0.18300468460432961,0.0961
1756107515.9065866,0.3727358632119218,0.06214047533191963,0.23691834441696435,0.7493245604397591,-0.617551075287933,0.1539168774405991,-0.1829015236989981,0.1040
1756107515.9177146,0.3729020465794112,0.062171424444705865,0.2363869980670571,0.7493725091605113,-0.6176248660951448,0.1535053753078243,-0.18280171510967255,0.0957
1756107516.0178597,0.37444687398428883,0.06270567545926421,0.23223739444229954,0.7492685493090394,-0.6185761599803348,0.1535518939409122,-0.1799499685675706,0.0948
1756107516.0289874,0.3740368635469496,0.06264071056575078,0.23204234867381546,0.7495077331809166,-0.6185054899676996,0.15342182069977564,-0.17930661369560721,0.0776
1756107516.0734942,0.37450476608844974,0.06292162829129133,0.22999597927719845,0.7497686433356266,-0.6188724310270923,0.15204947787988898,-0.1781147154553044,0.0982
1756107516.0846217,0.3746143588253217,0.06292163189467043,0.2294453574961115,0.7496551530763113,-0.6191586766623891,0.15164813865314195,-0.17793967130139593,0.0957
1756107516.1402583,0.3747557648649354,0.06316775299713648,0.22587730950769408,0.7493927779194084,-0.620681707538111,0.14946004499513246,-0.17557442091563297,0.0985
1756107516.1513863,0.3746658357052579,0.06327363705835191,0.22510033642131394,0.7495286440233039,-0.6207255494367565,0.14939613803196253,-0.17489253273413044,0.0985
1756107516.162513,0.37458131888857144,0.06343486086824016,0.22431397909951023,0.7497465196583554,-0.6206643478359993,0.14945983507691277,-0.17411973261029054,0.0971
1756107516.2181487,0.37418779439360805,0.06425051459215436,0.22040382717079507,0.7504237431082006,-0.6205420813744991,0.15053805075723042,-0.17067520703691993,0.0993
1756107516.229275,0.3740843537328988,0.06424776293023493,0.21968672754091947,0.7501898309327258,-0.6208970542653086,0.15060133683598673,-0.17035639968314745,0.0946
1756107516.2737823,0.3738063384275193,0.06425072112800445,0.21674170615536403,0.7494942095619334,-0.6222752799099278,0.14939897960784274,-0.1694457161992864,0.0959
1756107516.2849097,0.37362941293816915,0.06420684086794048,0.21610667312561127,0.749335498580226,-0.6225596901381266,0.1493594057152353,-0.16913754966605035,0.0771
1756107516.296037,0.3735792614962194,0.06418216340780716,0.21538669494228302,0.749205334652151,-0.6228146342594878,0.14927115569867092,-0.16885324976843735,0.0958
1756107516.3961675,0.37361269731342867,0.06453930068384789,0.2088543540464952,0.7491152907665498,-0.6238557717057304,0.14772032925810027,-0.16676019181169519,0.0984
1756107516.4073071,0.372701698614969,0.06431171478946643,0.20940428679279097,0.7487001155753749,-0.6236551177411682,0.14887336905355386,-0.1683423625808853,0.0985
1756107516.4518113,0.3727522269671137,0.06406073449517095,0.20951496864215666,0.7475290839929175,-0.6247505469594294,0.14851199703897278,-0.16979755414639977,0.1012
1756107516.4629362,0.37276945993773636,0.06403242188404884,0.2094479569892755,0.7476321463058033,-0.6247037788986031,0.14823924745661315,-0.16975419863284766,0.0814
1756107516.474063,0.37279762387624027,0.06402548855044629,0.20941837002926308,0.7477009570701628,-0.6246322914110654,0.14819183361474375,-0.16975558834048687,0.0962
1756107516.5408258,0.37298491194480765,0.06389358505184908,0.209409987753162,0.7479541532827295,-0.6243706734949656,0.14787833806175385,-0.16987596592411708,0.0771
1756107516.5519516,0.37297097366766124,0.06393849726559839,0.20938276896190483,0.7482437145626293,-0.6240920915515207,0.14784086978574768,-0.16965695417919172,0.0753
1756107516.5853324,0.37295004152074107,0.06434521811440305,0.20927833342682364,0.7496946680183991,-0.6226343673486708,0.14806983918944341,-0.16840330181892296,0.0761
1756107516.5964599,0.37294727339616446,0.06442293238410547,0.20927701038351024,0.7499964941599927,-0.6223683293412308,0.1480041695066111,-0.16810022959348858,0.0933
1756107516.6075838,0.3729586907713564,0.0644653449844914,0.20927952248577045,0.75009265486508,-0.6223452082367995,0.14791034973038888,-0.1678391472356334,0.0770
1756107516.6631973,0.37302604707907233,0.06509699839368668,0.20927981609035662,0.7521214235941607,-0.6205666845589795,0.14706717780176262,-0.16607708872567092,0.0760
1756107516.674314,0.3729009193674274,0.06445594875577132,0.2093361693950692,0.7528626193747429,-0.6198948884867318,0.1463074142284568,-0.16589859588919406,0.0771
1756107516.7299478,0.37348953006467334,0.06406182038753869,0.20941883228140726,0.7534991566781956,-0.6197719285871041,0.14428839718828476,-0.16523509269372996,0.0945
1756107516.7410736,0.3735376634425217,0.06401899242852703,0.20944272104013023,0.7537012644389469,-0.6195930535472688,0.1441043495917282,-0.16514474986462332,0.0771
1756107516.8078372,0.3732621913635795,0.06432964559046887,0.20964715396383038,0.7569008956149951,-0.6161161300732162,0.14328523896819717,-0.16422937853699826,0.0780
1756107516.8189638,0.3731880553157449,0.0643330017226163,0.20970853842549717,0.7572092516856054,-0.615899902381438,0.1429452564452493,-0.1639149568162182,0.0771
1756107516.8746035,0.3730486212566354,0.06459607771946843,0.2097325617912667,0.7581507303349306,-0.6148608356038285,0.14313833499618586,-0.16329433544275965,0.0951
1756107516.88573,0.3729922586642571,0.06467624264854034,0.2097802167785563,0.7584292809325879,-0.6145139852752395,0.1432542086045226,-0.16320483890593576,0.0951
1756107516.8968568,0.3729578596778247,0.0647358986803371,0.20981971405887984,0.7585882553107821,-0.6143250728717343,0.14341552168852068,-0.16303543137763443,0.0850
1756107516.9636211,0.372762819703095,0.06493563466616072,0.20976176390193713,0.757802533360076,-0.614892210503157,0.1453506125240955,-0.16283761646027206,0.0797
1756107516.974751,0.3724943181072267,0.0649347451054018,0.21002024273307915,0.7574746313605705,-0.6152534053744683,0.1454607440137875,-0.16290058922927086,0.0783
1756107517.0192652,0.37229895714022415,0.06477036555023696,0.21018432711925136,0.7564203618967736,-0.6162749853137874,0.14585449301364564,-0.1635843679945538,0.0970
1756107517.030397,0.3721730440852988,0.06479574808480681,0.2102120034666229,0.755913211111107,-0.6168132389813434,0.1466261923937984,-0.16320969698254978,0.1007
1756107517.0415263,0.37210769445270325,0.0647665426606163,0.2102244415588294,0.7554382987256807,-0.6172957986955709,0.1474922325441184,-0.16280330177978025,0.0828
1756107517.1082993,0.371780028031315,0.06469938299301146,0.210233871634417,0.7545119861843813,-0.6174664947110873,0.15520173946893526,-0.15924575560786436,0.0829
1756107517.119427,0.3716658325835349,0.06467625140223704,0.2102255372428597,0.7542342204266006,-0.617660147668593,0.15650143837589295,-0.1585370067390153,0.1074
1756107517.163931,0.3713813141905845,0.0641859290567364,0.21044568588089022,0.7538501344307619,-0.6179716556653819,0.15861970071275688,-0.15703756925877427,0.1168
1756107517.1750562,0.3713844935864972,0.06407369476519167,0.21036413355164335,0.7537539663992608,-0.6181559240735426,0.15848570179142482,-0.1569091902912201,0.1186
1756107517.1861813,0.37138244899602413,0.06396420855197459,0.21029425378863953,0.7536507418841428,-0.6183409511788688,0.15817690954812935,-0.15698755568036543,0.1236
1756107517.2529507,0.3711159534891539,0.06356739880165038,0.2101599484598689,0.7528193660810004,-0.6189339358810025,0.15711149235267832,-0.15968645540234755,0.1232
1756107517.264077,0.3710256271179152,0.0635121523604209,0.21008718441838878,0.7525578722906286,-0.6191273752244831,0.157576531765438,-0.15971092241240153,0.1226
1756107517.3085866,0.3709175538055371,0.06345301814274716,0.21003182835805725,0.7521920951527629,-0.6193762902877159,0.15913166106970542,-0.1589250687095032,0.1195
1756107517.3197138,0.37083773707433,0.06346232609005319,0.21004231672988705,0.752375847921066,-0.6191107059286013,0.1592575809556279,-0.15896395873847413,0.1275
1756107517.330841,0.37076055995615215,0.06351851012020271,0.21001868534028653,0.7526714081760142,-0.6187667342036564,0.15923885214878944,-0.15892283638172802,0.1288
1756107517.3864865,0.37041368493793664,0.0636506828926853,0.21007088627597714,0.7529033463383481,-0.6181858257782972,0.15991360962426238,-0.15940662889686052,0.1276
1756107517.3976157,0.37028219969481124,0.06364848705352173,0.21014892886416772,0.7528471421221267,-0.6181156526429397,0.1604117691105612,-0.15944367308601257,0.1264
1756107517.4087446,0.37022076296786294,0.06360862421245744,0.21013454603010706,0.7529585854371145,-0.6178827098198713,0.1608645211674484,-0.15936414700854012,0.1285
1756107517.419871,0.37018811328742895,0.0637007541345282,0.2100755024639508,0.7531072947060607,-0.617600070465453,0.16135674231284244,-0.1592594026479226,0.1220
1756107517.464386,0.3702345546254074,0.0641752604807408,0.21033047744246947,0.7532739663232155,-0.6166637060705817,0.1643239129908171,-0.1590655741962192,0.1040
1756107517.4755142,0.3702288682883094,0.06425767539347763,0.21056588218589617,0.7530530675058709,-0.6165173056604742,0.16565967857132083,-0.15929331510391243,0.1044
1756107517.5645428,0.3688449582057675,0.06424304093474638,0.2149921245762077,0.7491438811827456,-0.6171574863743862,0.16705804641051367,-0.17318109431460565,0.1035
1756107517.5756745,0.3681846535990409,0.06431578094009419,0.21608700020352348,0.7486977441286404,-0.6168814209908721,0.16722573467915716,-0.17591064218512673,0.1249
1756107517.6424444,0.3635913362896982,0.06528648719076144,0.22498641458991048,0.7442153475880272,-0.6151519805891231,0.17844116344425381,-0.1894473762826293,0.1340
1756107517.6535718,0.3623575352453193,0.06536660178527084,0.22670830971525963,0.7434777387105986,-0.6148016792265549,0.18054008086277476,-0.19148113866395775,0.1305
1756107517.6647007,0.36104952547768526,0.06544012565660966,0.22862219867498956,0.7427846562188103,-0.6144125414036282,0.18247087798845446,-0.19357831009170773,0.1340
1756107517.7203367,0.3528123030486418,0.0656561801291156,0.23971047939286752,0.7377213436808381,-0.6126708055097771,0.1950738556036658,-0.20578603940418272,0.1081
1756107517.7314677,0.3504929614349233,0.06538553214171518,0.24233256468776831,0.7360766174788959,-0.6126982190531421,0.1981230091529089,-0.2086609182720406,0.1304
1756107517.7425973,0.34801510384177325,0.06511034734012158,0.24497883604953588,0.7343714925384781,-0.612773781218771,0.20102921777573907,-0.2116460668146988,0.1081
1756107517.798247,0.3350493928682347,0.0632020681078671,0.2577298595997777,0.7253557057016176,-0.6139397362799678,0.21200372952199809,-0.2280164886392111,0.1081
1756107517.8093793,0.3318013435023503,0.0626354797136738,0.26031991747925115,0.7233068411850696,-0.6143322946179497,0.21403582058577508,-0.2315420324487438,0.1304
1756107517.8539107,0.31885429760940215,0.060447537097001194,0.26997186342364055,0.7155929229401871,-0.6156549712764374,0.22175694357780246,-0.24437590502248813,0.1053
1756107517.8650477,0.3151212335697862,0.05983167509773027,0.2722219827982398,0.7140325383809868,-0.6157869253641853,0.22309536357944168,-0.24737108851497736,0.1304
1756107517.9095778,0.3012618563981116,0.05762209506521609,0.27985840669384965,0.7093484420465622,-0.6156735606648027,0.22768169156865134,-0.25677208140464924,0.1296
1756107517.920707,0.29738500814479013,0.05706737494216918,0.2815976671548906,0.708239999867773,-0.6154956255851417,0.229497024418546,-0.2586355606947458,0.1253
1756107517.9541042,0.2860323761439518,0.05556219314973046,0.28624322996763835,0.7040426354093021,-0.6161916611214049,0.23603599482128657,-0.26252392926949286,0.1301
1756107517.9652362,0.2821068988652041,0.05496653072334676,0.28756183035812877,0.7027403714555358,-0.6164063871746935,0.23802401996022446,-0.26371139925826526,0.1253
1756107518.0097687,0.26596356560040013,0.05332985166713734,0.2920243976720751,0.6994301097487824,-0.6156099282880555,0.2439783428168431,-0.2688800959653357,0.1301
1756107518.0208972,0.26183203698811824,0.05281596880918119,0.2930183605110318,0.698703375318857,-0.6153096481083202,0.24518494271662258,-0.2703552739043539,0.1262
1756107518.0765522,0.24127423786272711,0.05069139398203544,0.2965502388744247,0.6929699385872414,-0.6176394139482096,0.25317676624766344,-0.2724256661632364,0.1297
1756107518.087678,0.23701621010088011,0.050311615393009934,0.2971171646037606,0.6918495443972329,-0.6179166348409338,0.25532719560133527,-0.2726376046889991,0.1297
1756107518.1433375,0.21574779364114338,0.048494762727489475,0.30003009505033806,0.6847519828916341,-0.6196168043949162,0.2685555226871207,-0.2739847967892647,0.1304
1756107518.1544716,0.21180799495630243,0.048024031592406174,0.3004395962696649,0.6830825551784554,-0.6206250316769888,0.2703776967527075,-0.2740778976231208,0.1297
1756107518.1656072,0.2081790298756241,0.04744554927152451,0.3007463028574081,0.681616767190362,-0.6213153399357834,0.2721727858100816,-0.2743862345487129,0.1253
1756107518.2546782,0.1761077014132797,0.04444907275644616,0.30412016978948886,0.6707324429954898,-0.6247511719823368,0.2890631224609343,-0.2761276412334221,0.1255
1756107518.2658129,0.1723674562525063,0.04417213588186721,0.3045441295311352,0.66961507671459,-0.6245262197729391,0.29137178048759427,-0.2769208106808254,0.1246
1756107518.321476,0.15159933798095968,0.04408695785560307,0.30621546286116286,0.6641711303794727,-0.6236707415530699,0.30306513136470753,-0.27939764109954457,0.1246
1756107518.3548698,0.13947931183664528,0.04400324686426416,0.3070738619423603,0.661126534427943,-0.6219908333757003,0.3108080921661538,-0.28184648040366844,0.1266
1756107518.3660002,0.13561796170612184,0.043711897740547345,0.307113856907201,0.6599314307235161,-0.6222597367691184,0.312640003028022,-0.28202757887461816,0.1243
1756107518.3771327,0.13183380466920816,0.043452496325570945,0.3070844499278619,0.6585902126309199,-0.6227675815546608,0.31435857544407025,-0.2821314538226697,0.1263
1756107518.432802,0.11137602032731286,0.04377238765504457,0.30729190969875575,0.6527005026872927,-0.620330247649582,0.3260971044897084,-0.2878074288238441,0.1282
1756107518.443931,0.10752631469361792,0.04314356580076707,0.306911072209077,0.6514983161377705,-0.6199784108561079,0.32779910648619887,-0.2893517926829454,0.1243
1756107518.4884675,0.09155928465265604,0.04330131437698065,0.3055580399179632,0.6462388859782818,-0.6205276882321925,0.33409847389347824,-0.29274374481585236,0.1282
1756107518.4995975,0.08737456891199466,0.04359452886164841,0.3050685536366078,0.6451396947275462,-0.6201727405864813,0.3356815980634757,-0.294106121734745,0.1257
1756107518.5107288,0.08331192349372722,0.043685564323797145,0.30454130465816465,0.6441289259375714,-0.619761643883925,0.3372252270465887,-0.2954193253397315,0.1259
1756107518.6220474,0.04154398771443159,0.045357636215424095,0.29814649295688234,0.6293606562351935,-0.6179357212713446,0.35946273903281606,-0.30470829986578174,0.1260
1756107518.6331725,0.03668931728217911,0.04573902802008281,0.2976634972265904,0.6276656779741525,-0.617246637762434,0.36194832490360523,-0.30665256392812384,0.1060
1756107518.644306,0.032558947344106554,0.04598703365288036,0.2970641634498225,0.6263491398399906,-0.6164417704617908,0.3639626813051442,-0.3085732737435412,0.1285
1756107518.73336,-0.001901514859964263,0.04675188389985796,0.2899094221174415,-0.6109322687091104,0.6193576331166245,-0.37824868503551334,0.3163634264876662,0.1259
1756107518.7444885,-0.006255006501909608,0.04686219963076916,0.28889077128149415,-0.6089526168815304,0.6192488410772634,-0.380385742919018,0.3178274214122329,0.1262
1756107518.8001492,-0.028493913503574823,0.04669609732293475,0.2835846520960024,-0.5967665647244225,0.6207354208349842,-0.391720743643494,0.3242099066148578,0.1259
1756107518.8112817,-0.0327442982341923,0.046687671114595805,0.2823878747690319,-0.5948661430818685,0.6210212705806034,-0.3934534685693464,0.32505572041129366,0.1278
1756107518.8446686,-0.045414172528158644,0.04668091746733078,0.2786979583245581,-0.5894016481122741,0.6215186232576276,-0.3990389787754431,0.32724332164970105,0.1281
1756107518.8557975,-0.04964554435531127,0.04673974793360223,0.2774961959336345,-0.587632537032391,0.6213368583050543,-0.4010329171781542,0.32833079245185076,0.1273
1756107518.9003046,-0.06617035328998526,0.046473008834757364,0.2723208843540653,-0.5807174729236965,0.6211237941268649,-0.4078438087981848,0.33261971774919397,0.1083
1756107518.9114296,-0.07010411579020437,0.04678920188413773,0.2710051833222249,-0.5788176588672291,0.6214537893447012,-0.4095658715064454,0.33319829289739405,0.1284
1756107518.9225557,-0.07406333850659616,0.04678094220104157,0.26961228202911947,-0.5767030079228034,0.6218771916751813,-0.4114415241871206,0.3337637956722689,0.1077
1756107519.000453,-0.10056776902783679,0.04719852098669783,0.2590774298909445,-0.5707436480343949,0.6186396797754138,-0.4177204567732934,0.3421202344627915,0.1264
1756107519.011577,-0.10371105498594554,0.047730521893819856,0.2576323869205784,-0.5699714800748035,0.618240558012878,-0.41910404762697573,0.34243674100766225,0.1270
1756107519.078354,-0.12324535618290654,0.04816786722666106,0.2480367299879724,-0.5612741961664817,0.6176974102345163,-0.42749834587744207,0.34737062394407014,0.1723
1756107519.0894895,-0.12635984337261813,0.04823749023310678,0.2464474317438744,-0.560078855082022,0.6172653326975429,-0.4274332337140105,0.35013713864225715,0.1274
1756107519.1006274,-0.12949295982635733,0.04827741464323967,0.2448302854342851,-0.5592804512417604,0.6166683327450524,-0.4268616516623681,0.35314964899929535,0.1299
1756107519.2007668,-0.15517281736137736,0.049039738608981864,0.22986165524282265,-0.5453665222305609,0.614994200834393,-0.4319738611794125,0.37115505200382104,0.1721
1756107519.211892,-0.1578834681461644,0.04931436195203478,0.22818709254877856,-0.5442054702630009,0.6149196019402791,-0.4313806594843334,0.3736643091175504,0.1311
1756107519.2230175,-0.16043587101802753,0.04946087620156518,0.22657286953370967,-0.5429583774439743,0.6150398833303616,-0.4305567641965732,0.37622202896821205,0.1270
1756107519.2897549,-0.1749950196403106,0.04995754268583752,0.21628367673115678,-0.5308999157496616,0.6149568545806939,-0.43506956023746435,0.3881852962387949,0.1271
1756107519.3008752,-0.17663957047416154,0.049973807165514264,0.21461546930285286,-0.529229929906231,0.614859765020201,-0.4362011818548613,0.38934776177496033,0.1306
1756107519.3342526,-0.18244733232804908,0.050793062772676895,0.20940647994844852,-0.5254046122092231,0.614624553000611,-0.439963944258253,0.39066402454128796,0.1306
1756107519.3453767,-0.1843881274488923,0.05124168283239378,0.20775142775339167,-0.5240660331198033,0.6143003461557831,-0.44156843173446286,0.39116134489303167,0.1306
1756107519.3898983,-0.1917991924932434,0.05181198321330162,0.2023690136736338,-0.5184777592856665,0.6124764697808975,-0.444930253488079,0.3976059061707679,0.1309
1756107519.4010339,-0.19361298490806902,0.051820807743886844,0.20121772242830696,-0.5173927447623947,0.6118248131340418,-0.44457501279348155,0.4004100444549385,0.1311
1756107519.4121652,-0.19531746962296548,0.05171784452338382,0.20010981603294445,-0.5163109557604727,0.6112470680172422,-0.44399142289301247,0.40332571849495286,0.1721
1756107519.478921,-0.2039767184178658,0.05100166936339701,0.1943102554989295,-0.5112360723100943,0.607665714483681,-0.44664851704191005,0.4121712751202445,0.1282
1756107519.4900455,-0.2051474401223257,0.05103921139414283,0.1935814103625987,-0.5106789973932753,0.6069124735311503,-0.44775109182304024,0.4127749639512739,0.1256
1756107519.5011668,-0.20423886607434938,0.050378055291339256,0.19351494569997585,-0.5101085960699432,0.6067226512745789,-0.4480918854131589,0.4133890502574754,0.1277
1756107519.5345516,-0.20739204513620904,0.04954915329300127,0.1913613854682354,-0.5079364762663304,0.6055815675174964,-0.44888508831351165,0.41686170206792367,0.1721
1756107519.5456817,-0.20831391459788023,0.04929674748088786,0.19079151387218013,-0.5073709771335592,0.605093602490357,-0.44886842470064375,0.4182745044758782,0.1281
1756107519.556813,-0.20867898444224453,0.049099023612845884,0.1904728476273868,-0.5070281285404243,0.6044612651712682,-0.44878542725537557,0.4196911913056485,0.1052
1756107519.6346977,-0.21419198503737297,0.04769904464489044,0.1865375679129179,-0.5038813714506165,0.5993105580051818,-0.45195748154331966,0.42739309007701914,0.1061
1756107519.6458187,-0.21397675759943324,0.048142781271867045,0.1863666628189227,-0.504397593580955,0.5989191946626328,-0.45231912252571504,0.42694997043210153,0.1720
1756107519.6569445,-0.21419402810173696,0.048061242464842155,0.1859256029468153,-0.505147381921857,0.5983224338993735,-0.4527065020489952,0.4264894027203802,0.1059
1756107519.7237077,-0.21476653892140385,0.04784096962661278,0.1830328550804043,-0.5103517362964268,0.5948949788003349,-0.45619777559178104,0.42133675249434693,0.1719
1756107519.734834,-0.21478076893281806,0.047837044880945895,0.18279558338380997,-0.5108979438921297,0.594063000886126,-0.4569524436166343,0.42103076630782166,0.1070
1756107519.8015964,-0.21571123952307097,0.04703683224261317,0.18123196224767302,-0.5097797835969439,0.5904442210982696,-0.4617490262463368,0.422241673414729,0.1272
1756107519.8127244,-0.2157177219022608,0.04704321782424375,0.1811832683995395,-0.5097167031623263,0.589882443624954,-0.4621934894019834,0.42261656803159103,0.1261
1756107519.8238509,-0.2157644050273404,0.04706157178373622,0.18112770204927275,-0.5097040408651815,0.5892022613549356,-0.46275508001673105,0.4229659819165653,0.1268
1756107519.9017358,-0.21622686122044552,0.04664850763362997,0.17964488687138702,-0.5099139005602473,0.5853644382280724,-0.46717113304569763,0.4231872173425927,0.1073
1756107519.912862,-0.21615189336774618,0.04674289640064514,0.1794045755233185,-0.5097737536845702,0.5853155124904296,-0.46760570435713683,0.42294370328103337,0.1070
1756107519.9573684,-0.21617962719595835,0.04689850358197997,0.17827051120439308,-0.5101932994130821,0.5837319785022035,-0.4705671249805708,0.4213387655977263,0.1719
1756107519.968495,-0.21621248537176269,0.04709119488056148,0.17808872113191498,-0.5104208804009813,0.5829751804840363,-0.4714471345460226,0.42112713415147807,0.1719
1756107519.9796212,-0.21625221378495454,0.04723173366425505,0.177889777404232,-0.510658844154119,0.5823294328882334,-0.47207251227861646,0.4210314948198095,0.1268
1756107520.035255,-0.21632639505746107,0.047373116144107066,0.176434208774471,-0.5112839547319337,0.5803044324386417,-0.47430676707301456,0.4205574562821174,0.1281
1756107520.0463815,-0.21642215526771214,0.047566470848529295,0.17617676944327126,-0.5113379578553497,0.5796213919583435,-0.47487131297128315,0.42079659095282895,0.1268
1756107520.0797622,-0.21665157422183937,0.04772422385208992,0.17530519863970273,-0.5115552112979335,0.5780027008460307,-0.47539049277207024,0.4221706088663076,0.1268
1756107520.0908895,-0.2167034579155767,0.047874764015724006,0.17500724018371905,-0.5115514327663063,0.5777029762330056,-0.4756041433902573,0.4223447663654493,0.1767
1756107520.102015,-0.21679498153998736,0.048060486175065524,0.17471228666033517,-0.5115103806377048,0.5772637060673236,-0.47615119872602857,0.42237871644894115,0.1281
1756107520.146521,-0.2171390206466723,0.04885765157403464,0.17344294755363598,-0.5114133112465862,0.5752350802018252,-0.47897013672603417,0.42207657564670226,0.1715
1756107520.1576493,-0.21721559413249064,0.04900523076681761,0.1730757082991437,-0.5114757290234472,0.5750590913780332,-0.4791408744545994,0.4220469671378837,0.1719
1756107520.1687758,-0.2173177995851266,0.04912125760666359,0.17270988572259696,-0.5115204601461284,0.5748470820873929,-0.4792599590191844,0.4221463522860681,0.1720
1756107520.22441,-0.217724562574425,0.04939892057860379,0.1708644820571576,-0.5116329089477346,0.5735885817087251,-0.4802669028601396,0.42257733899510225,0.1719
1756107520.2355373,-0.21782552870319125,0.049458801557921726,0.1704399057732313,-0.5116157880549707,0.5736392643622009,-0.48005144147307194,0.42277404524699735,0.1061
1756107520.2689166,-0.2179612328278586,0.04940862360315359,0.1691574498571533,-0.5110223602455253,0.5738669201796714,-0.47979818610782876,0.42346972248347137,0.1719
1756107520.2800431,-0.21806316180362623,0.04948561891783637,0.16870796349936118,-0.5106544452842188,0.5739378761064009,-0.4798302120881184,0.42378098051872476,0.1268
1756107520.2911694,-0.21815126337980847,0.049555325623167674,0.168279104697934,-0.5103512854351167,0.5739730038572999,-0.4798405860154485,0.42408674620896053,0.1070
1756107520.3468037,-0.21838836134222636,0.049872617927058,0.16653793271929607,-0.5092898842932764,0.5731866118416674,-0.4811654166846059,0.4249244209841798,0.1070
1756107520.3579314,-0.21846805815286305,0.05003586808733279,0.16626955269719862,-0.509431141764661,0.572890760218587,-0.48081751621904795,0.4255474177497369,0.1305
1756107520.39131,-0.21853375673681943,0.05053182513244414,0.16560707591974388,-0.5102593772286144,0.5717798570890585,-0.47997060501924493,0.42700278839246764,0.1719
1756107520.4024365,-0.2186836219187404,0.05091176632840805,0.1654263871809022,-0.5104545797840476,0.5710196701787446,-0.4803438353361098,0.42736688933636996,0.1719
1756107520.4135623,-0.21882242919021516,0.05127105848250138,0.1652303659293002,-0.510665975845784,0.5702535526096184,-0.4807732668017702,0.42765431457935305,0.1070
1756107520.4580677,-0.21858495901105254,0.052108574729019856,0.1641392933561188,-0.5125406190649449,0.5693141519141904,-0.4807913227333251,0.4266417867756144,0.1719
1756107520.469195,-0.21862064692597039,0.05242433619222232,0.16383002919531656,-0.5132644562974377,0.5688701695160405,-0.48080634856650045,0.42634678762087036,0.1071
1756107520.5025737,-0.2183975946876821,0.052948028997375225,0.16305365066536323,-0.5165686812895939,0.5680203097932048,-0.47882700919246834,0.42571636149079084,0.1719
1756107520.5136998,-0.2182653244289445,0.053183883071987945,0.1628722570570521,-0.5177295966425536,0.5681133139484124,-0.47816994518462735,0.4249197933693157,0.1067
1756107520.5470781,-0.21814007366086627,0.05389474940619637,0.16251519728534386,-0.5200971825861526,0.5669927363361947,-0.47886117844486964,0.42274120852636476,0.1719
1756107520.558204,-0.21820072140402552,0.05413720324619025,0.16246596454824844,-0.5205526997026366,0.5665108699398599,-0.47934826880123077,0.42227426901190995,0.1292
1756107520.5693312,-0.21825017838701902,0.054255543464142186,0.1624249290751991,-0.5207265623506155,0.5663542664589026,-0.47963572157303025,0.42194344018769575,0.1067
1756107520.6138377,-0.21820103140458355,0.05379690262449191,0.16246761216667077,-0.5207912099665998,0.5667307790358036,-0.47851018277388924,0.4226354749624021,0.1272
1756107520.624964,-0.21815095392951173,0.05375394278528932,0.16245933107397478,-0.5209983969447519,0.5668476680361503,-0.47800650672035044,0.4227932960158956,0.1096
1756107520.6583433,-0.21759314926277293,0.053824903338389254,0.16221571178182276,-0.5227122479223512,0.566966636017255,-0.47702230526022454,0.42162834321172127,0.1258
1756107520.6694708,-0.217320721579658,0.054176381547480106,0.16204401211422134,-0.5235139594887999,0.5669041388258018,-0.477481803122269,0.4201951442956498,0.1067
1756107520.7028506,-0.21611111275537992,0.0556142870571459,0.16129021759203865,-0.5271346013827315,0.566454037347895,-0.47910359645111256,0.41438952624909303,0.1272
1756107520.713972,-0.21551489681848704,0.05625421927478007,0.16100166786102693,-0.5289941161896315,0.5663029728283036,-0.47891181069769934,0.4124435059215109,0.1305
1756107520.7251098,-0.21484930827838034,0.05700726933563162,0.16061288953527628,-0.5314271056983763,0.5662727583543175,-0.47819873133604845,0.41017845850731033,0.1258
1756107520.7696042,-0.21433383887232255,0.05816127102026818,0.16044427246389328,-0.5350284216234531,0.5634094981583274,-0.47629282830868425,0.4116545483069665,0.1258
1756107520.7807379,-0.21441296758617995,0.05825985980549004,0.16060965819517642,-0.5345357845793255,0.5630796386500326,-0.4770462680268666,0.41187337095708487,0.1272
1756107520.7918632,-0.2143900017474561,0.05825774354260528,0.1606029268275888,-0.5343399036902426,0.5635067420621944,-0.4770527246313003,0.4115358026910983,0.1272
1756107520.8475077,-0.2144211555400698,0.057993421338401865,0.16066700873445228,-0.5339629519609468,0.5637689758147467,-0.4771069093377737,0.4116030914656745,0.1049
1756107520.8586383,-0.21434170199745012,0.0581551005425851,0.1606683332562604,-0.5342741268076882,0.563661968916227,-0.47711048729786376,0.4113416160951378,0.1278
1756107520.869769,-0.2143061214845582,0.05827133580638572,0.16064437047683539,-0.5344647873543,0.5636194795856961,-0.47716107928776563,0.4110933929447252,0.1764
1756107520.9254274,-0.21444523893655457,0.057924452154286474,0.16073312732772627,-0.533388948057294,0.5642074321431995,-0.47753140071665257,0.41125413667743477,0.1742
1756107520.9365585,-0.21435616268222946,0.05808427179886515,0.16070578574283612,-0.5333666293497727,0.5643773874373421,-0.4777682872022719,0.41077447217332025,0.1071
1756107520.9699538,-0.21426710695998144,0.05827905754473658,0.16071078809801048,-0.5327577711742232,0.5649760411064186,-0.4786038460626933,0.40976772538011097,0.1268
1756107520.9810865,-0.21428612499109942,0.05829743209522878,0.16071935924012498,-0.5324291386643638,0.5652094927909231,-0.47875405185781367,0.40969744860064333,0.1099
1756107520.9922183,-0.21430036326537683,0.05829629157849731,0.1607376117350376,-0.5322900597770868,0.5652753098353178,-0.47879523799237905,0.4097392297900115,0.1720
1756107521.0367453,-0.2142198287875624,0.058241211676303604,0.16074869760199761,-0.5314310224205941,0.5660772980704395,-0.47940828278522124,0.4090296559116445,0.1102
1756107521.04788,-0.21444860998313056,0.058843760427009166,0.16062792067837145,-0.5311626260508171,0.5662860827003673,-0.47978574078072317,0.4086465222783199,0.1292
1756107521.0812757,-0.21450725713553417,0.05881221097174323,0.1606759184260182,-0.5298634091395786,0.5672518576069443,-0.4805643027568184,0.4080784833978724,0.1127
1756107521.0924072,-0.21441912895745877,0.05891555564420958,0.1606497727384807,-0.5298776170099538,0.5674058332436683,-0.4807156609607888,0.4076674928172996,0.1513
1756107521.136934,-0.21437485806419504,0.05890595370555808,0.16070641352271914,-0.5279953400969689,0.5686510065638233,-0.4822343580703106,0.40657960778469004,0.1465
1756107521.1480646,-0.21428476747912145,0.05887284187333115,0.16060015221215757,-0.527990426741997,0.5690177302793412,-0.48201151195973535,0.4063370943377437,0.1670
1756107521.159196,-0.21432385182164265,0.058928620180837485,0.16062833289728567,-0.5280504552978378,0.5687525938736087,-0.48211218525715055,0.40651081713573495,0.1812
1756107521.2148533,-0.21423580890673388,0.05931504742364708,0.1606062282448359,-0.5269632119815988,0.5699820386297368,-0.48352059455397917,0.40452204328032876,0.1739
1756107521.2259865,-0.21426026479328053,0.05932419527714332,0.16061197574936037,-0.5259882293324137,0.5708770731059074,-0.48405308050695617,0.40389152659781197,0.1708
1756107521.2593834,-0.21424654627532116,0.059360636221271676,0.1606494864869539,-0.5231132139787388,0.5732357982779592,-0.48600270755624614,0.4019386186738755,0.2188
1756107521.2705152,-0.21418505796144846,0.05946143768655555,0.1606641947002842,-0.522322040085798,0.5739785438306847,-0.48670273045086715,0.4010595589613683,0.1732
1756107521.281647,-0.2141159889720847,0.059538903916295766,0.1606661325753273,-0.5215851329896655,0.5747165925948042,-0.4873518828178536,0.40017237480148965,0.1707
1756107521.3373075,-0.21400430368731696,0.05970605782892013,0.16070432063327472,-0.5174057140771069,0.5781466656893175,-0.4904653353761377,0.3968394067970775,0.1723
1756107521.34844,-0.21400566137069574,0.059712203277873056,0.16071770761252263,-0.5168281356669512,0.5786510110371712,-0.49084194220897615,0.3963910611721751,0.1709
1756107521.3929682,-0.2138808049967241,0.059757757476246245,0.1607390934009799,-0.5162428145886394,0.5794852933604078,-0.491261382529499,0.395414219774412,0.1707
1756107521.4040997,-0.21392584893741182,0.0597791970038979,0.16074641017455227,-0.5162197232624306,0.579453037817371,-0.4912467157232608,0.39550984636313374,0.1723
1756107521.4486277,-0.21409360121347212,0.059729279258731074,0.1607902430305709,-0.5160010549855685,0.579382613726833,-0.49137925180758185,0.39573365924301274,0.1698
1756107521.4597602,-0.21411198601840006,0.05976560157868351,0.1608030350330641,-0.5160152784559846,0.5794160352059942,-0.4913603379592281,0.3956896622692487,0.1698
1756107521.4931564,-0.21411110352545062,0.059775423209024514,0.1608340437145076,-0.5160859029137014,0.579451797354925,-0.4912797429672277,0.3956452571508358,0.1723
1756107521.504288,-0.21414859022839017,0.05980601670333147,0.1608459120452321,-0.5160701190893359,0.5794564661576019,-0.4912650302381138,0.3956772751579341,0.1702
1756107521.5376847,-0.21421496128305179,0.05982812360954471,0.1608871758800873,-0.5160643478715341,0.579473928255158,-0.49126916929923004,0.3956540896092305,0.1708
1756107521.5488164,-0.21424699131551111,0.05989213930641281,0.160899047042409,-0.5160868864153061,0.5794800900312684,-0.49125353980924824,0.3956350724498416,0.1718
1756107521.5599492,-0.21429254850273455,0.05992199599847804,0.16091655479467964,-0.5160911934444872,0.5794859990025871,-0.49125274838768535,0.3956217817696138,0.1723
1756107521.6378748,-0.21448584052980907,0.05994816619470829,0.16104838520342268,-0.5161352618276336,0.5794991954902905,-0.4912125188823351,0.39559491303288735,0.1721
1756107521.6490068,-0.2145857754190282,0.060008541766306774,0.16109746859396884,-0.5161476610196364,0.5795448972657944,-0.4911718722316972,0.3955622530089891,0.1724
1756107521.6824033,-0.2146048723423254,0.05996663205413792,0.16111498956903286,-0.5160536179686407,0.57952868431421,-0.49122276077926913,0.3956455063954476,0.1682
1756107521.7046685,-0.21456919199151112,0.059934499960003225,0.16109583003753764,-0.5160157680651495,0.5794688840346426,-0.49129265103383757,0.3956956792585986,0.1723
1756107521.7158003,-0.21449427308451238,0.059911019195626136,0.1610613435793857,-0.5160170152086884,0.5794768791410961,-0.49128371847142976,0.3956934350237527,0.1720
1756107521.7269325,-0.21441238463583645,0.05988883797579374,0.16102545605337582,-0.5160317376942191,0.5795039752781675,-0.49126554316656684,0.3956571172446462,0.1723
1756107521.7714627,-0.21434212578299044,0.059851708176303746,0.16098241778893818,-0.5161135307927128,0.5794843595996112,-0.4912331153776376,0.3956194215006241,0.1723
1756107521.7825947,-0.2143247239696779,0.05986177367444645,0.16094797637315236,-0.5160776838640753,0.579445839551028,-0.49127497344591686,0.3956706252809392,0.1718
1756107521.7937267,-0.21430992625862166,0.059866239782215586,0.16091965651995158,-0.5160422290944622,0.5794192395408578,-0.4913160104526494,0.3957048654161391,0.1722
1756107521.849378,-0.2142535735404386,0.059861189389007474,0.16088009488886115,-0.5161304249567191,0.5794557376349277,-0.49124303764700195,0.3956269840636566,0.1718
1756107521.8605049,-0.21425968853046495,0.05991415331564496,0.16086703182591094,-0.5161415381864011,0.579435833599937,-0.49126928208831083,0.395609049157571,0.1715
1756107521.8716328,-0.21427612909580657,0.05994683927760478,0.16085831210963325,-0.5161393701188999,0.5794022851490358,-0.491294388485251,0.3956298350987244,0.2284
1756107521.9383948,-0.21422903590000233,0.05992379343953396,0.16082373744488193,-0.5160984499169988,0.579417041399412,-0.4913024476612628,0.395651598064857,0.1724
1756107521.9495213,-0.2142073108440438,0.05994853357595066,0.16080161778276345,-0.5161351029431318,0.5793974498116794,-0.49131338543144026,0.3956188923162064,0.1723
1756107521.9940288,-0.21421717993783862,0.05990180770196926,0.16077442671632175,-0.516058641076398,0.5794122835025723,-0.4913312899748651,0.39567467468660567,0.1708
